Seria pomiarowa: 2
Opis serii pomiarowej: Wychylanie panelu, obrót dokoła osi, duże nasłonecznienie
Data: 15.09.2021, Godzina poczatkowa: 09:00, Godzina koncowa: 19:00, Pogoda: 
Pomiar, Dzielnik, Panel, Temperatura, SredniaFoto
1,2.01,6.14,21.87,4.89
2,2.04,6.23,21.94,4.56
3,1.87,5.69,21.94,4.55
4,2.07,6.32,21.94,4.56
5,1.93,5.87,21.94,4.56
6,1.94,5.90,21.94,4.56
7,1.99,6.08,21.94,4.56
8,2.09,6.37,21.94,4.57
9,1.95,5.93,21.94,4.56
10,2.05,6.25,21.94,4.56
11,2.08,6.35,21.94,4.57
12,2.18,6.65,21.94,4.56
13,1.88,5.72,21.94,4.56
14,2.10,6.40,21.94,4.56
15,2.08,6.35,21.94,4.56
16,1.85,5.65,21.94,4.56
17,2.04,6.22,21.94,4.56
18,2.06,6.29,21.94,4.56
19,2.04,6.22,21.94,4.56
20,2.11,6.44,21.94,4.56
21,1.94,5.90,21.94,4.56
22,1.96,5.96,21.94,4.56
23,1.99,6.08,22.00,4.56
24,2.10,6.40,22.00,4.56
25,2.08,6.35,22.00,4.56
26,1.99,6.07,22.00,4.56
27,2.06,6.29,21.94,4.56
28,1.91,5.81,22.00,4.56
29,1.91,5.81,21.94,4.56
30,2.07,6.32,22.00,4.56
31,1.96,5.98,22.00,4.56
32,2.05,6.25,22.00,4.56
33,1.95,5.93,22.00,4.56
34,1.95,5.93,22.00,4.56
35,2.04,6.23,22.00,4.56
36,2.03,6.19,22.00,4.56
37,1.98,6.05,22.00,4.56
38,1.92,5.86,22.00,4.56
39,2.07,6.31,22.00,4.56
40,2.02,6.17,22.00,4.56
41,1.86,5.68,22.00,4.56
42,1.87,5.69,22.00,4.56
43,1.78,5.44,22.00,4.56
44,2.15,6.54,22.00,4.56
45,2.07,6.31,22.00,4.56
46,1.91,5.81,22.00,4.56
47,2.23,6.81,22.00,4.56
48,1.96,5.98,22.00,4.56
49,1.88,5.72,22.00,4.56
50,1.99,6.07,22.00,4.56
51,2.10,6.41,22.00,4.56
52,2.10,6.41,22.00,4.56
53,1.84,5.62,22.00,4.56
54,1.97,6.02,22.00,4.56
55,2.06,6.28,22.00,4.56
56,1.92,5.86,22.00,4.56
57,2.06,6.28,22.00,4.56
58,2.00,6.11,22.00,4.56
59,1.91,5.83,22.00,4.56
60,1.91,5.81,22.00,4.56
61,1.96,5.99,22.00,4.55
62,2.12,6.47,22.00,4.56
63,1.91,5.83,22.00,4.56
64,2.22,6.78,22.00,4.56
65,2.10,6.41,22.00,4.56
66,2.03,6.20,22.00,4.56
67,1.85,5.63,22.00,4.56
68,1.80,5.49,22.06,4.56
69,2.20,6.71,22.00,4.56
70,2.02,6.17,22.00,4.56
71,2.09,6.38,22.06,4.56
72,2.08,6.34,-127.00,4.56
73,2.01,6.13,22.06,4.56
74,2.07,6.32,22.06,4.56
75,2.18,6.65,22.06,4.56
76,2.17,6.63,22.06,4.55
77,4.46,13.60,22.06,4.58
78,0.41,1.24,22.06,4.59
79,2.15,6.54,22.06,4.56
80,1.92,5.84,22.06,4.50
81,4.07,12.42,22.06,4.49
82,1.16,3.53,22.06,4.57
83,1.25,3.80,22.06,4.54
84,1.35,4.13,22.06,4.54
85,0.97,2.97,22.06,4.54
86,3.48,10.61,22.06,4.53
87,2.07,6.32,22.06,4.55
88,2.05,6.25,22.06,4.57
89,2.04,6.23,22.06,4.53
90,2.63,8.02,22.06,4.54
91,1.71,5.22,22.06,4.56
92,2.00,6.11,22.06,4.56
93,1.80,5.50,22.06,4.54
94,0.31,0.95,22.06,4.55
95,0.48,1.46,22.06,4.53
96,2.02,6.17,22.06,4.54
97,2.18,6.65,22.06,4.56
98,0.98,2.98,22.06,4.55
99,2.45,7.47,22.06,4.53
100,2.06,6.29,22.06,4.54
101,1.90,5.80,22.06,4.56
102,2.52,7.68,22.06,4.55
103,0.78,2.39,22.06,4.55
104,1.74,5.31,22.06,4.54
105,2.15,6.54,22.06,4.54
106,1.87,5.69,22.06,4.54
107,2.02,6.17,22.06,4.55
108,2.64,8.06,22.06,4.55
109,1.09,3.34,22.06,4.53
110,1.64,4.99,22.06,4.55
111,2.57,7.84,22.06,4.53
112,2.23,6.80,22.06,4.55
113,1.86,5.68,22.06,4.55
114,1.91,5.83,22.06,4.55
115,1.73,5.28,22.06,4.55
116,2.06,6.29,22.06,4.56
117,2.46,7.51,22.06,4.55
118,1.96,5.98,22.06,4.53
119,2.06,6.29,22.06,4.53
120,2.33,7.10,22.06,4.51
121,1.49,4.55,22.06,4.58
122,0.91,2.79,22.06,4.62
123,3.12,9.51,22.06,4.54
124,1.28,3.89,22.06,4.55
125,2.01,6.13,22.12,4.54
126,2.19,6.69,22.06,4.55
127,1.81,5.53,22.12,4.54
128,2.25,6.87,22.06,4.55
129,2.04,6.22,22.12,4.54
130,2.16,6.57,22.12,4.54
131,2.09,6.37,22.12,4.55
132,1.92,5.84,22.12,4.53
133,1.37,4.19,22.12,4.54
134,2.14,6.53,22.12,4.55
135,2.20,6.72,22.12,4.54
136,1.74,5.32,22.12,4.54
137,3.00,9.15,22.12,4.54
138,2.85,8.69,22.12,4.56
139,2.53,7.72,22.12,4.55
140,2.78,8.48,22.12,4.55
141,1.67,5.08,22.12,4.55
142,2.42,7.38,22.12,4.53
143,1.76,5.38,22.12,4.54
144,2.22,6.78,22.12,4.54
145,2.53,7.72,22.12,4.54
146,2.21,6.75,22.12,4.54
147,2.81,8.57,22.12,4.54
148,2.55,7.77,22.12,4.55
149,3.03,9.24,22.12,4.56
150,1.32,4.02,22.12,4.57
151,2.10,6.41,22.12,4.55
152,2.11,6.44,22.12,4.54
153,2.08,6.34,22.12,4.56
154,1.50,4.58,22.12,4.55
155,1.98,6.05,22.12,4.54
156,2.16,6.57,22.12,4.55
157,2.20,6.72,22.12,4.54
158,2.28,6.96,22.12,4.54
159,2.13,6.48,22.12,4.54
160,2.09,6.37,22.12,4.54
161,1.84,5.62,22.12,4.55
162,2.21,6.75,22.12,4.54
163,2.51,7.66,22.12,4.54
164,2.49,7.59,22.12,4.55
165,1.89,5.75,22.12,4.54
166,2.01,6.13,22.12,4.55
167,2.33,7.11,22.12,4.56
168,1.97,6.02,22.12,4.54
169,1.57,4.79,22.12,4.53
170,1.75,5.35,22.12,4.55
171,2.24,6.83,22.12,4.55
172,2.19,6.68,22.12,4.54
173,2.18,6.66,22.12,4.54
174,1.21,3.70,22.12,4.56
175,2.58,7.87,22.12,4.53
176,2.81,8.56,22.12,4.56
177,2.49,7.59,22.12,4.54
178,2.49,7.60,22.12,4.56
179,1.31,4.01,22.12,4.54
180,2.77,8.45,22.12,4.55
181,2.10,6.41,22.12,4.54
182,1.99,6.07,22.12,4.54
183,2.46,7.51,22.12,4.54
184,2.11,6.44,22.12,4.54
185,2.46,7.51,22.12,4.54
186,2.16,6.59,22.12,4.54
187,2.22,6.77,22.12,4.54
188,2.01,6.13,22.12,4.54
189,2.32,7.08,22.12,4.54
190,2.13,6.48,22.12,4.54
191,1.99,6.08,22.12,4.54
192,2.09,6.37,22.12,4.54
193,2.22,6.77,22.12,4.53
194,2.47,7.53,22.12,4.54
195,2.03,6.19,22.12,4.54
196,2.38,7.24,22.12,4.54
197,2.12,6.47,22.12,4.54
198,2.06,6.28,22.12,4.54
199,2.10,6.41,22.12,4.55
200,2.17,6.62,22.12,4.54
201,2.61,7.95,22.12,4.54
202,2.27,6.93,22.12,4.54
203,2.42,7.39,22.12,4.55
204,2.09,6.37,22.12,4.53
205,2.15,6.54,22.12,4.54
206,2.07,6.32,22.12,4.54
207,1.91,5.83,22.12,4.54
208,1.71,5.22,22.12,4.55
209,2.17,6.62,22.12,4.54
210,2.04,6.22,22.12,4.54
211,2.69,8.21,22.12,4.54
212,1.37,4.17,22.12,4.54
213,1.91,5.81,22.12,4.56
214,2.14,6.53,22.12,4.54
215,2.24,6.83,22.12,4.52
216,2.10,6.40,22.12,4.54
217,1.82,5.56,22.12,4.56
218,2.01,6.14,22.12,4.54
219,2.01,6.13,22.12,4.54
220,1.62,4.93,22.12,4.54
221,2.10,6.41,22.12,4.54
222,1.95,5.93,22.12,4.54
223,2.03,6.19,22.12,4.54
224,1.56,4.76,22.12,4.54
225,2.31,7.05,22.12,4.54
226,2.11,6.44,22.12,4.54
227,2.03,6.19,22.12,4.54
228,1.93,5.89,22.12,4.54
229,2.01,6.13,22.12,4.54
230,2.08,6.34,22.12,4.54
231,2.01,6.13,22.12,4.52
232,2.24,6.84,22.12,4.53
233,1.84,5.61,22.12,4.54
234,2.24,6.84,22.12,4.53
235,2.27,6.93,22.12,4.53
236,1.87,5.71,22.12,4.54
237,2.21,6.75,22.12,4.54
238,2.18,6.65,22.12,4.55
239,2.19,6.68,22.12,4.55
240,1.96,5.99,22.12,4.55
241,2.26,6.90,22.12,4.53
242,2.11,6.42,22.12,4.54
243,2.11,6.44,22.12,4.54
244,2.26,6.90,22.12,4.53
245,2.74,8.36,22.12,4.55
246,2.10,6.40,22.12,4.54
247,2.12,6.47,22.12,4.54
248,2.60,7.92,22.12,4.53
249,1.62,4.95,22.12,4.52
250,2.11,6.44,22.12,4.54
251,2.14,6.51,22.12,4.54
252,2.55,7.77,22.12,4.56
253,1.30,3.97,22.12,4.52
254,2.57,7.84,22.12,4.55
255,2.23,6.81,22.19,4.54
256,2.21,6.74,22.12,4.54
257,2.31,7.04,22.12,4.54
258,2.24,6.83,22.12,4.54
259,2.25,6.86,22.12,4.54
260,1.90,5.78,22.12,4.54
261,2.26,6.89,22.12,4.54
262,2.22,6.78,22.12,4.55
263,1.98,6.04,22.12,4.54
264,2.04,6.23,22.12,4.55
265,2.18,6.65,22.19,4.54
266,2.08,6.35,22.19,4.54
267,2.31,7.05,22.12,4.55
268,2.12,6.45,22.12,4.55
269,2.29,6.98,22.12,4.54
270,2.09,6.38,22.12,4.54
271,1.90,5.78,22.12,4.54
272,2.84,8.68,22.19,4.55
273,2.29,6.98,22.12,4.56
274,2.06,6.29,22.12,4.54
275,2.41,7.36,22.12,4.55
276,2.05,6.26,22.19,4.55
277,2.31,7.05,22.19,4.56
278,1.33,4.07,22.19,4.56
279,1.14,3.47,22.19,4.48
280,2.00,6.11,22.19,4.55
281,2.15,6.56,22.19,4.56
282,2.08,6.35,22.19,4.56
283,2.10,6.41,22.19,4.56
284,2.09,6.37,22.19,4.55
285,2.10,6.40,22.19,4.55
286,2.23,6.80,22.19,4.55
287,2.10,6.40,22.19,4.56
288,1.90,5.78,22.19,4.55
289,1.89,5.77,22.19,4.56
290,2.32,7.08,22.19,4.54
291,1.92,5.86,22.19,4.56
292,1.67,5.08,22.19,4.58
293,2.29,6.99,22.19,4.55
294,2.00,6.10,22.19,4.51
295,1.98,6.05,22.19,4.55
296,2.07,6.32,22.19,4.55
297,1.94,5.90,22.19,4.54
298,2.24,6.83,22.19,4.50
299,2.16,6.59,22.19,4.54
300,1.30,3.97,22.19,4.52
301,2.93,8.94,22.19,4.64
302,2.13,6.48,22.19,4.56
303,2.19,6.69,22.19,4.54
304,2.03,6.20,22.19,4.54
305,2.01,6.14,22.19,4.54
306,2.23,6.81,22.19,4.54
307,2.18,6.66,22.19,4.55
308,2.51,7.66,22.19,4.52
309,2.69,8.21,22.19,4.58
310,2.17,6.62,22.19,4.61
311,1.17,3.58,22.19,4.50
312,2.54,7.75,22.19,4.66
313,2.17,6.60,22.19,4.57
314,1.64,4.99,22.19,4.54
315,2.07,6.31,22.19,4.55
316,2.12,6.47,22.19,4.56
317,2.11,6.44,22.19,4.55
318,2.16,6.57,22.19,4.54
319,2.12,6.47,22.19,4.50
320,2.22,6.77,22.19,4.54
321,1.96,5.96,22.19,4.54
322,2.07,6.31,22.19,4.55
323,1.84,5.61,22.19,4.54
324,2.06,6.29,22.19,4.54
325,2.28,6.95,22.19,4.54
326,2.32,7.08,22.19,4.54
327,2.61,7.96,22.19,4.54
328,2.09,6.38,22.19,4.54
333,1.34,4.08,22.19,4.44
334,2.75,8.38,22.19,4.47
335,2.36,7.19,22.19,4.46
336,1.83,5.59,22.19,4.48
337,2.37,7.23,22.19,4.48
338,2.11,6.42,22.19,4.47
351,2.30,7.01,22.19,4.47
352,2.56,7.80,22.19,4.46
353,3.20,9.75,22.19,4.47
354,1.57,4.80,22.19,4.49
355,2.96,9.02,22.19,4.53
359,2.28,6.96,22.19,4.47
362,2.07,6.31,22.19,4.46
363,2.02,6.17,22.19,4.47
364,2.48,7.56,22.19,4.47
365,1.69,5.14,22.19,4.47
366,2.49,7.60,22.19,4.47
367,2.03,6.20,22.19,4.47
368,2.38,7.26,22.19,4.47
369,2.12,6.47,22.19,4.48
370,2.09,6.38,22.19,4.47
371,2.40,7.32,22.19,4.48
372,2.80,8.54,22.19,4.62
374,2.11,6.44,22.19,4.48
375,1.49,4.53,22.19,4.43
378,2.13,6.50,22.19,4.48
379,2.87,8.75,22.19,4.39
