Seria pomiarowa: 2
Opis serii pomiarowej: Wychylanie panelu, obrót dokoła osi, duże nasłonecznienie
Data: 15.09.2021, Godzina poczatkowa: 09:00, Godzina koncowa: 19:00, Pogoda: 
Pomiar, Dzielnik, Panel, Temperatura, SredniaFoto
1,2.14,6.53,22.12,4.87
2,2.13,6.48,22.12,4.86
3,2.17,6.63,22.12,4.86
4,2.09,6.38,22.19,4.86
5,2.14,6.51,22.19,4.86
6,2.14,6.53,22.19,4.86
7,2.11,6.44,22.19,4.78
8,2.25,6.87,22.25,4.50
9,2.66,8.11,22.25,4.47
10,1.16,3.55,22.25,4.47
11,1.51,4.59,22.25,4.57
12,1.81,5.52,22.25,4.54
13,1.80,5.49,22.25,4.53
14,2.08,6.34,22.25,4.50
15,2.70,8.24,22.25,4.52
16,1.91,5.83,22.25,4.51
17,2.25,6.87,22.25,4.51
18,2.39,7.29,22.25,4.51
19,1.33,4.05,22.25,4.57
20,3.00,9.15,22.25,4.56
21,2.18,6.65,22.25,4.52
22,1.96,5.96,22.25,4.52
23,2.17,6.63,22.25,4.52
24,1.74,5.32,22.25,4.53
25,2.07,6.32,22.25,4.53
26,2.90,8.84,22.25,4.48
27,1.53,4.68,22.25,4.52
28,2.23,6.81,22.25,4.52
29,2.32,7.08,22.25,4.52
30,2.27,6.93,22.25,4.52
31,2.04,6.23,22.25,4.52
32,2.05,6.25,22.25,4.52
33,2.36,7.20,22.25,4.52
34,1.90,5.80,22.25,4.52
35,2.23,6.81,22.25,4.52
36,1.93,5.87,22.25,4.53
37,2.26,6.90,22.25,4.52
38,2.11,6.44,22.25,4.52
39,1.92,5.86,22.25,4.52
40,2.70,8.24,22.25,4.51
41,2.88,8.78,22.25,4.50
42,2.94,8.97,22.25,4.53
43,1.17,3.56,22.25,4.52
44,2.53,7.71,22.25,4.51
45,1.33,4.07,22.25,4.51
46,2.05,6.25,22.25,4.52
47,2.13,6.50,22.25,4.53
48,1.92,5.84,22.25,4.52
49,1.68,5.11,22.25,4.53
50,2.10,6.40,22.25,4.52
51,2.42,7.38,22.25,4.52
52,2.08,6.34,22.25,4.52
53,2.11,6.42,22.25,4.53
54,2.20,6.71,22.25,4.52
55,2.09,6.38,22.25,4.53
56,2.10,6.41,22.25,4.53
57,2.43,7.41,22.25,4.51
58,2.65,8.09,22.25,4.53
59,2.22,6.78,22.25,4.53
60,2.08,6.35,22.25,4.53
61,2.09,6.38,22.25,4.53
62,1.95,5.93,22.25,4.53
63,2.08,6.34,22.25,4.54
64,2.10,6.40,22.25,4.51
65,1.59,4.86,22.25,4.54
66,2.07,6.31,22.25,4.54
67,2.15,6.54,22.25,4.53
68,1.74,5.31,22.25,4.53
69,2.15,6.54,22.25,4.53
70,1.96,5.98,22.25,4.53
71,2.09,6.38,22.25,4.53
72,1.88,5.74,22.25,4.53
73,2.11,6.42,22.25,4.53
74,2.18,6.65,22.25,4.53
75,2.41,7.35,22.25,4.54
76,2.10,6.40,22.25,4.51
77,1.69,5.16,22.25,4.54
78,2.12,6.47,22.25,4.52
79,2.17,6.63,22.25,4.52
80,2.29,6.98,22.25,4.54
81,1.55,4.74,22.25,4.51
82,2.25,6.86,22.25,4.53
83,2.12,6.45,22.31,4.52
84,2.10,6.40,22.31,4.49
85,0.94,2.88,22.31,4.58
86,2.31,7.04,22.31,4.49
87,2.20,6.71,22.25,4.52
88,2.11,6.44,22.25,4.53
89,2.10,6.41,22.25,4.50
90,0.97,2.97,22.31,4.53
91,2.62,7.99,22.25,4.59
92,1.93,5.89,22.25,4.54
93,2.00,6.10,22.25,4.53
94,1.98,6.04,22.31,4.53
95,2.10,6.41,22.31,4.53
96,2.10,6.41,22.25,4.53
97,2.23,6.80,22.31,4.53
98,2.10,6.40,22.31,4.53
99,2.13,6.48,22.31,4.53
100,2.35,7.16,22.31,4.51
101,1.77,5.41,22.31,4.54
102,2.68,8.17,22.31,4.55
103,1.09,3.34,22.31,4.53
104,2.28,6.96,22.31,4.51
105,2.03,6.20,22.31,4.54
106,2.17,6.63,22.31,4.54
107,2.00,6.11,22.31,4.55
108,2.28,6.95,22.31,4.53
109,2.09,6.37,22.31,4.54
110,1.98,6.05,22.31,4.54
111,2.45,7.47,22.31,4.55
112,1.04,3.16,22.31,4.48
113,3.11,9.48,22.31,4.57
114,2.17,6.60,22.31,4.54
115,2.30,7.02,22.31,4.54
116,2.64,8.05,22.31,4.55
117,2.92,8.90,22.31,4.56
118,2.05,6.25,22.31,4.54
119,2.15,6.56,22.31,4.54
120,2.09,6.37,22.31,4.54
121,2.13,6.48,22.31,4.54
122,2.09,6.37,22.31,4.54
123,2.03,6.19,22.31,4.54
124,2.11,6.44,22.31,4.53
125,2.07,6.31,22.31,4.55
126,2.07,6.31,22.31,4.54
127,2.37,7.22,22.31,4.54
128,2.14,6.51,22.31,4.54
129,1.93,5.87,22.31,4.53
130,1.94,5.90,22.31,4.53
131,2.11,6.44,22.31,4.53
132,2.25,6.86,22.31,4.53
133,2.13,6.50,22.31,4.53
134,2.05,6.26,22.31,4.54
135,2.14,6.51,22.31,4.54
136,2.13,6.50,22.31,4.55
137,2.09,6.37,22.31,4.54
138,1.97,6.02,22.31,4.53
139,2.02,6.16,22.31,4.52
140,2.23,6.81,22.31,4.53
141,2.59,7.90,22.31,4.59
142,2.09,6.37,22.31,4.49
143,2.11,6.42,22.31,4.53
144,1.64,5.01,22.31,4.48
145,2.09,6.38,22.31,4.53
146,2.09,6.38,22.31,4.55
147,2.09,6.37,22.31,4.54
148,1.98,6.05,22.31,4.59
149,2.09,6.37,22.31,4.53
150,2.09,6.37,22.31,4.50
151,2.07,6.31,22.31,4.51
152,1.16,3.55,22.31,4.56
153,1.03,3.13,22.31,4.52
154,2.10,6.41,22.31,4.60
155,2.86,8.74,22.31,4.58
156,2.03,6.20,22.31,4.54
157,2.59,7.89,22.31,4.52
158,2.20,6.72,22.37,4.53
159,2.11,6.42,22.31,4.53
160,2.07,6.32,22.31,4.53
161,2.34,7.14,22.31,4.54
162,2.07,6.31,22.31,4.53
163,2.09,6.37,22.37,4.54
164,2.04,6.22,22.37,4.53
165,1.96,5.99,22.37,4.54
166,2.02,6.17,22.37,4.52
167,2.04,6.22,22.44,4.53
168,1.42,4.34,22.44,4.53
169,1.62,4.93,22.44,4.52
170,2.74,8.35,22.44,4.53
171,2.06,6.28,22.44,4.53
172,2.11,6.44,22.44,4.53
173,2.05,6.26,22.50,4.53
174,2.73,8.33,22.44,4.51
175,2.73,8.32,22.50,4.54
176,2.31,7.05,22.50,4.53
177,2.12,6.45,22.44,4.53
178,2.11,6.42,22.50,4.54
179,1.95,5.95,22.44,4.54
180,2.05,6.26,22.44,4.53
181,1.90,5.78,22.50,4.54
182,1.66,5.07,22.44,4.53
183,1.52,4.62,22.44,4.54
184,2.40,7.32,22.44,4.53
185,2.04,6.22,22.44,4.53
186,1.04,3.18,22.44,4.54
187,2.80,8.53,22.44,4.53
188,2.36,7.19,22.44,4.54
189,1.41,4.31,22.44,4.53
190,1.57,4.80,22.44,4.54
191,2.68,8.18,22.44,4.52
192,1.77,5.40,22.44,4.54
193,1.77,5.41,22.44,4.53
194,2.22,6.77,22.44,4.53
195,1.89,5.77,22.44,4.55
196,2.09,6.38,22.44,4.53
197,2.13,6.48,22.44,4.54
198,2.11,6.44,22.44,4.54
199,2.08,6.35,22.44,4.53
200,2.18,6.66,22.44,4.54
201,2.20,6.72,22.44,4.53
202,1.85,5.65,22.44,4.55
203,2.05,6.25,22.44,4.54
204,2.42,7.38,22.44,4.52
205,1.27,3.86,22.44,4.54
206,2.68,8.18,22.44,4.54
207,2.05,6.26,22.44,4.53
208,2.15,6.54,22.44,4.54
209,2.17,6.63,22.44,4.54
210,2.04,6.22,22.44,4.52
211,2.05,6.26,22.44,4.53
212,2.04,6.22,22.44,4.52
213,1.93,5.87,22.44,4.53
214,2.05,6.26,22.37,4.53
215,1.98,6.05,22.37,4.54
216,2.21,6.75,22.37,4.54
217,2.20,6.71,22.37,4.53
218,2.13,6.48,22.37,4.53
219,2.03,6.20,22.37,4.54
220,2.14,6.53,22.37,4.54
221,1.95,5.93,22.37,4.53
222,1.79,5.47,22.37,4.53
223,2.29,6.98,22.37,4.53
224,1.97,6.02,22.37,4.53
225,1.95,5.93,22.37,4.53
226,2.04,6.23,22.37,4.54
227,2.12,6.47,22.37,4.54
228,2.13,6.50,22.37,4.54
229,2.04,6.23,22.37,4.54
230,2.04,6.22,22.37,4.54
231,2.04,6.22,22.37,4.54
232,2.15,6.54,22.37,4.54
233,2.04,6.22,22.37,4.54
234,2.07,6.31,22.37,4.54
235,2.02,6.17,22.37,4.54
236,2.05,6.25,22.31,4.54
237,1.97,6.01,22.31,4.54
238,2.09,6.38,22.31,4.54
239,2.11,6.42,22.31,4.55
240,2.07,6.32,22.31,4.54
241,2.66,8.11,22.31,4.51
242,2.44,7.44,22.31,4.55
243,1.62,4.95,22.31,4.54
244,2.04,6.22,22.31,4.54
245,1.13,3.46,22.31,4.55
246,2.87,8.77,22.31,4.54
247,2.63,8.02,22.31,4.55
248,1.47,4.47,22.31,4.54
249,1.29,3.92,22.31,4.54
250,2.24,6.84,22.31,4.52
251,2.75,8.38,22.31,4.54
252,1.09,3.31,22.31,4.54
253,2.21,6.75,22.31,4.52
254,2.27,6.93,22.31,4.54
255,2.80,8.54,22.31,4.56
256,1.27,3.86,22.31,4.55
257,1.19,3.62,22.31,4.55
258,2.78,8.47,22.31,4.54
259,1.83,5.58,22.31,4.53
260,2.10,6.41,22.25,4.54
261,2.03,6.19,22.31,4.54
262,2.03,6.19,22.25,4.54
263,2.02,6.17,22.25,4.54
264,2.61,7.98,22.25,4.55
265,2.21,6.74,22.25,4.54
266,2.03,6.19,22.25,4.52
267,2.19,6.68,22.25,4.56
268,1.78,5.44,22.25,4.53
269,2.02,6.17,22.25,4.53
270,1.74,5.32,22.25,4.53
271,1.92,5.86,22.25,4.54
272,2.05,6.25,22.25,4.54
273,2.27,6.92,22.25,4.53
274,2.08,6.34,22.25,4.53
275,2.00,6.10,22.25,4.55
276,2.03,6.20,22.25,4.54
277,1.99,6.07,22.25,4.53
278,1.71,5.20,22.25,4.54
279,2.00,6.10,22.25,4.54
280,2.03,6.20,22.25,4.55
281,2.21,6.75,22.25,4.56
282,2.38,7.24,22.25,4.56
283,1.48,4.52,22.25,4.51
284,1.34,4.08,22.25,4.51
285,1.66,5.07,22.25,4.51
286,1.09,3.34,22.25,4.53
287,1.06,3.22,22.25,4.54
288,2.10,6.41,22.25,4.54
289,2.42,7.38,22.25,4.54
290,2.20,6.71,22.25,4.54
291,2.00,6.11,22.25,4.54
292,1.56,4.76,22.25,4.55
293,1.14,3.47,22.25,4.54
294,2.33,7.10,22.25,4.54
295,2.04,6.23,22.25,4.53
296,2.03,6.19,22.19,4.53
297,1.51,4.59,22.19,4.54
298,2.81,8.57,22.19,4.53
299,2.03,6.20,22.19,4.54
300,2.27,6.92,22.19,4.54
301,1.38,4.22,22.19,4.56
302,2.08,6.35,22.19,4.55
303,2.57,7.84,22.19,4.55
304,1.99,6.08,22.19,4.54
305,2.01,6.14,22.19,4.54
306,1.58,4.83,22.19,4.53
307,2.01,6.13,22.19,4.54
308,2.02,6.16,22.19,4.55
309,2.13,6.50,22.19,4.54
310,2.19,6.69,22.19,4.54
311,2.04,6.23,22.19,4.54
312,1.74,5.31,22.19,4.54
313,1.89,5.75,22.19,4.54
314,1.44,4.38,22.19,4.55
315,1.99,6.07,22.19,4.55
316,2.05,6.26,22.19,4.54
317,1.21,3.68,22.19,4.52
318,1.98,6.04,22.19,4.53
319,2.04,6.22,22.19,4.54
320,1.98,6.05,22.19,4.54
321,1.90,5.78,22.19,4.53
322,2.33,7.11,22.19,4.54
323,1.67,5.10,22.19,4.52
324,1.56,4.76,22.19,4.55
325,1.94,5.92,22.19,4.54
326,2.52,7.68,22.19,4.54
327,2.02,6.17,22.19,4.54
328,1.90,5.78,22.12,4.54
329,2.13,6.50,22.19,4.54
330,2.04,6.23,22.19,4.54
331,2.21,6.75,22.19,4.54
332,1.75,5.34,22.19,4.55
333,1.09,3.34,22.19,4.57
334,1.35,4.11,22.19,4.54
335,2.83,8.62,22.19,4.55
336,2.55,7.78,22.12,4.53
337,2.01,6.13,22.19,4.55
338,1.08,3.29,22.12,4.54
339,2.00,6.10,22.12,4.55
340,1.99,6.07,22.12,4.55
341,1.99,6.08,22.12,4.56
342,2.16,6.59,22.12,4.55
343,1.74,5.31,22.12,4.54
344,2.14,6.53,22.12,4.55
345,2.05,6.25,22.12,4.54
346,2.01,6.14,22.12,4.54
347,1.14,3.49,22.12,4.54
348,2.67,8.15,22.12,4.55
349,1.78,5.44,22.12,4.55
350,1.02,3.12,22.12,4.54
351,2.66,8.11,22.12,4.52
352,1.97,6.01,22.12,4.55
353,2.06,6.28,22.12,4.56
354,2.12,6.45,22.12,4.56
355,1.83,5.58,22.12,4.55
356,2.00,6.10,22.12,4.55
357,1.99,6.08,22.12,4.54
358,1.68,5.11,22.12,4.55
359,2.04,6.23,22.12,4.54
360,1.04,3.16,22.12,4.55
361,1.50,4.56,22.12,4.54
362,2.00,6.10,22.12,4.57
363,2.18,6.66,22.12,4.55
364,1.97,6.02,22.12,4.51
365,2.08,6.35,22.12,4.55
366,2.04,6.23,22.12,4.54
367,1.74,5.31,22.12,4.55
368,2.66,8.12,22.12,4.54
369,1.43,4.37,22.12,4.56
370,1.97,6.02,22.12,4.55
371,1.08,3.28,22.12,4.53
372,2.01,6.14,22.12,4.54
373,1.91,5.81,22.12,4.50
374,2.00,6.11,22.12,4.54
375,1.91,5.81,22.12,4.53
376,2.18,6.66,22.12,4.54
377,2.00,6.10,22.12,4.54
378,2.02,6.17,22.12,4.54
379,2.29,6.99,22.12,4.53
380,2.30,7.01,22.12,4.53
381,2.57,7.84,22.12,4.55
382,2.00,6.10,22.12,4.54
383,2.68,8.18,22.12,4.55
384,1.69,5.16,22.12,4.55
385,2.02,6.17,22.12,4.54
386,2.00,6.11,22.12,4.53
387,1.93,5.89,22.12,4.54
388,2.55,7.78,22.12,4.53
389,1.03,3.13,22.12,4.54
390,2.09,6.38,22.12,4.54
391,2.02,6.17,22.12,4.55
392,2.03,6.19,22.12,4.54
393,2.02,6.17,22.12,4.55
394,2.27,6.92,22.12,4.54
395,2.00,6.11,22.12,4.55
396,2.14,6.53,22.06,4.54
397,2.01,6.13,22.12,4.54
398,0.96,2.92,22.12,4.56
399,2.03,6.20,22.06,4.54
400,2.00,6.10,22.12,4.51
401,2.78,8.48,22.12,4.53
402,1.80,5.50,22.12,4.54
403,1.93,5.87,22.06,4.54
404,1.11,3.38,22.06,4.56
405,2.72,8.29,22.12,4.53
406,1.40,4.26,22.06,4.55
