Seria pomiarowa: Próba działania zapisywania
Opis serii pomiarowej: Próba działania zapisywania
Data: 19.09.2021, Godzina poczatkowa: 15:02, Godzina koncowa: 16:07, Pogoda: 
Pomiar,Czas w ms, Dzielnik, Panel, Temperatura, SredniaFoto
1,1253,2.33,7.11,21.81,4.78
2,2851,2.23,6.80,21.87,4.53
3,4342,1.49,4.53,21.87,4.51
4,5833,3.09,9.42,21.87,4.51
5,7323,2.45,7.48,21.87,4.53
6,8923,2.46,7.50,21.87,4.53
7,10521,2.70,8.24,21.87,4.51
8,12013,2.70,8.24,21.87,4.51
9,13505,1.81,5.52,21.87,4.50
10,15105,3.51,10.70,21.87,4.56
11,16602,1.32,4.04,21.87,4.50
12,18202,2.86,8.72,21.87,4.39
13,19803,3.64,11.11,21.87,4.38
14,21405,2.57,7.84,21.87,4.43
15,23006,2.30,7.02,21.94,4.40
16,24607,3.07,9.36,21.87,4.39
17,26208,2.08,6.35,21.94,4.40
18,27808,2.19,6.69,21.87,4.40
19,29410,2.27,6.92,21.94,4.40
20,31010,2.28,6.96,21.94,4.40
21,32611,2.68,8.17,21.94,4.56
22,34104,2.59,7.89,21.94,4.55
23,35705,0.95,2.91,21.94,4.57
24,37198,2.40,7.32,21.94,4.55
25,38799,3.48,10.63,21.94,4.55
26,40400,2.47,7.53,21.94,4.56
27,41896,2.41,7.36,21.94,4.54
28,43497,3.13,9.54,21.94,4.55
29,45099,1.09,3.32,21.94,4.54
30,46699,2.38,7.24,21.94,4.54
31,48192,3.19,9.73,21.94,4.55
32,49685,2.37,7.22,21.94,4.54
33,51178,3.62,11.05,21.94,4.55
34,52671,3.55,10.84,21.94,4.54
35,54274,2.29,6.98,21.94,4.55
36,55767,1.68,5.13,21.94,4.54
37,57367,2.40,7.32,21.94,4.54
38,58968,2.51,7.66,21.94,4.54
39,60569,3.71,11.33,21.94,4.53
40,62171,2.45,7.48,21.94,4.52
41,63664,3.40,10.38,21.94,4.52
42,65158,1.36,4.14,21.94,4.55
43,66756,1.43,4.35,21.94,4.52
44,68249,2.80,8.53,21.94,4.52
45,69742,2.42,7.38,21.94,4.52
46,71343,2.33,7.10,21.94,4.52
47,72836,2.90,8.85,21.94,4.51
48,74329,3.69,11.25,21.94,4.55
49,75930,2.22,6.78,21.94,4.51
50,77423,1.41,4.29,21.94,4.52
51,79025,2.46,7.51,21.94,4.51
52,80517,2.77,8.45,21.94,4.50
53,82010,3.53,10.78,21.94,4.53
54,83612,2.68,8.18,21.94,4.52
55,85104,3.17,9.67,21.94,4.52
56,86597,2.48,7.57,21.94,4.52
57,88090,2.66,8.12,21.94,4.52
58,89583,2.37,7.23,21.94,4.51
59,91184,2.48,7.57,21.94,4.52
60,92680,2.47,7.54,21.94,4.52
61,94173,2.95,9.00,21.94,4.51
62,95666,2.17,6.60,21.94,4.51
63,97266,2.48,7.56,21.94,4.51
64,98759,1.17,3.56,21.94,4.52
65,100252,2.52,7.68,21.94,4.52
66,101746,2.50,7.63,21.94,4.52
67,103240,2.75,8.38,21.94,4.52
68,104733,2.01,6.14,21.94,4.52
69,106336,2.41,7.35,21.94,4.52
70,107830,1.46,4.46,21.94,4.51
71,109431,3.09,9.44,21.94,4.51
72,110925,2.43,7.41,21.94,4.52
73,112528,3.18,9.70,21.94,4.52
74,114129,2.14,6.53,21.94,4.52
75,115623,3.05,9.30,21.94,4.51
76,117121,2.65,8.08,21.94,4.52
77,118614,3.01,9.17,21.94,4.44
78,120216,2.46,7.50,21.94,4.52
79,121710,1.49,4.53,21.94,4.53
80,123312,2.25,6.87,21.94,4.52
81,124806,2.72,8.30,21.94,4.52
82,126300,2.78,8.48,21.94,4.53
83,127794,2.80,8.53,21.94,4.51
84,129395,2.45,7.47,21.94,4.53
85,130889,2.94,8.96,21.94,4.53
86,132383,2.48,7.57,21.94,4.53
87,133986,2.43,7.41,21.94,4.53
88,135480,2.47,7.54,21.94,4.53
89,136974,1.81,5.53,21.94,4.52
90,138467,2.46,7.51,21.94,4.53
91,139961,2.46,7.50,21.94,4.53
92,141458,2.46,7.50,21.94,4.53
93,142952,2.41,7.36,21.94,4.54
94,144446,2.65,8.09,21.94,4.53
95,145940,2.51,7.66,21.94,4.53
96,147542,2.29,6.99,21.94,4.54
97,149144,2.46,7.51,21.94,4.53
98,150746,2.77,8.45,21.94,4.55
99,152240,2.47,7.53,21.94,4.54
100,153734,2.13,6.50,21.94,4.53
101,155229,2.33,7.11,21.94,4.53
102,156831,1.20,3.65,21.94,4.53
103,158326,1.50,4.56,21.94,4.57
104,159930,2.45,7.47,21.94,4.54
105,161425,2.61,7.98,21.94,4.54
106,162920,2.76,8.41,21.94,4.56
107,164523,3.14,9.59,21.94,4.54
108,166129,2.41,7.35,21.94,4.56
109,167732,2.41,7.36,21.94,4.54
110,169227,2.12,6.45,21.94,4.53
111,170722,2.37,7.22,21.94,4.53
112,172217,1.17,3.56,21.94,4.53
113,173820,2.59,7.90,21.94,4.54
114,175315,2.21,6.74,21.94,4.55
115,176811,2.48,7.56,21.94,4.54
116,178306,2.42,7.38,21.94,4.54
117,179801,2.35,7.17,21.94,4.55
118,181296,2.38,7.24,21.94,4.55
119,182898,2.32,7.08,21.94,4.55
120,184393,2.25,6.86,21.94,4.55
121,185888,2.51,7.66,21.94,4.56
122,187383,2.34,7.13,21.94,4.55
123,188881,2.31,7.05,21.94,4.55
124,190376,2.34,7.14,21.94,4.52
125,191872,1.28,3.91,21.94,4.55
126,193367,2.36,7.19,21.94,4.55
127,194862,2.37,7.22,21.94,4.52
128,196357,2.87,8.77,21.94,4.53
129,197852,2.42,7.38,21.94,4.53
130,199347,1.42,4.34,21.94,4.54
131,200842,0.91,2.77,21.94,4.53
132,202445,1.51,4.59,21.94,4.54
133,203940,2.61,7.96,21.94,4.55
134,205435,2.35,7.17,21.94,4.55
135,206930,2.17,6.63,21.94,4.56
136,208533,1.69,5.14,21.94,4.54
137,210028,2.18,6.65,21.94,4.56
138,211523,2.00,6.11,21.94,4.55
139,213130,2.37,7.22,21.94,4.56
140,214625,2.29,6.99,21.94,4.57
141,216120,2.99,9.12,21.94,4.55
142,217722,2.25,6.86,21.94,4.57
143,219217,1.96,5.96,21.94,4.57
144,220712,2.25,6.87,21.94,4.56
145,222208,3.20,9.76,21.94,4.57
146,223703,1.22,3.73,21.94,4.57
147,225306,2.23,6.80,21.87,4.57
148,226801,2.25,6.87,21.94,4.57
149,228296,2.24,6.84,21.94,4.58
150,229791,0.93,2.85,21.87,4.58
151,231394,2.20,6.72,21.87,4.57
152,232889,2.25,6.87,21.87,4.56
153,234384,2.06,6.28,21.87,4.58
154,235882,2.18,6.66,21.87,4.56
155,237377,2.28,6.96,21.87,4.59
156,238872,1.92,5.84,21.87,4.58
157,240367,2.21,6.74,21.87,4.58
158,241862,2.21,6.75,21.87,4.61
159,243357,2.30,7.01,21.87,4.57
160,244961,1.98,6.04,21.87,4.58
161,246456,2.35,7.17,21.87,4.58
162,247951,2.42,7.39,21.87,4.57
163,249446,2.21,6.74,21.87,4.57
164,250941,2.22,6.77,21.87,4.58
165,252436,1.69,5.14,21.87,4.58
166,254039,3.19,9.73,21.87,4.58
167,255534,1.50,4.58,21.87,4.57
168,257029,2.38,7.24,21.87,4.58
169,258524,2.48,7.57,21.87,4.59
170,260022,1.78,5.44,21.87,4.56
171,261517,2.45,7.47,21.87,4.57
172,263012,1.95,5.95,21.87,4.57
173,264507,1.92,5.86,21.87,4.59
174,266110,2.22,6.78,21.87,4.60
175,267713,2.70,8.24,21.87,4.59
176,269317,2.11,6.42,21.87,4.59
177,270812,2.21,6.74,21.87,4.60
178,272307,3.00,9.15,21.87,4.60
179,273802,2.92,8.90,21.87,4.61
180,275297,2.04,6.23,21.87,4.58
181,276792,2.07,6.32,21.87,4.59
182,278287,2.22,6.77,21.87,4.60
183,279782,2.18,6.66,21.87,4.59
184,281277,1.70,5.17,21.87,4.58
185,282883,1.97,6.02,21.81,4.60
186,284486,1.89,5.75,21.81,4.60
187,285981,2.34,7.13,21.81,4.59
188,287476,2.15,6.54,21.81,4.58
189,288971,3.27,9.99,21.81,4.64
190,290574,3.12,9.53,21.81,4.60
191,292069,1.88,5.74,21.81,4.61
192,293564,2.40,7.33,21.81,4.59
193,295059,2.70,8.24,21.81,4.58
194,296663,2.17,6.63,21.81,4.62
195,298265,2.26,6.90,21.81,4.60
196,299760,2.30,7.01,21.81,4.59
197,301364,2.74,8.35,21.81,4.60
198,302859,2.49,7.59,21.81,4.61
199,304354,2.16,6.57,21.81,4.60
200,305849,2.19,6.68,21.81,4.60
201,307347,2.27,6.93,21.81,4.60
202,308950,1.79,5.47,21.81,4.61
203,310445,3.31,10.09,21.81,4.60
204,312049,2.23,6.81,21.81,4.61
205,313544,1.35,4.11,21.81,4.58
206,315039,2.22,6.78,21.81,4.60
207,316643,2.34,7.14,21.81,4.60
208,318138,2.94,8.96,21.81,4.60
209,319740,2.93,8.94,21.81,4.61
210,321235,1.54,4.70,21.81,4.60
211,322731,2.03,6.20,21.81,4.61
212,324226,2.13,6.48,21.81,4.61
213,325721,2.12,6.47,21.81,4.61
214,327216,2.12,6.45,21.81,4.61
215,328819,2.12,6.47,21.81,4.61
216,330317,1.41,4.31,21.81,4.59
217,331920,2.02,6.16,21.81,4.61
218,333415,1.57,4.80,21.81,4.61
219,334910,2.29,6.98,21.81,4.61
220,336405,2.08,6.35,21.81,4.60
221,337900,2.59,7.90,21.81,4.68
222,339395,2.10,6.40,21.81,4.61
223,340890,2.29,6.99,21.81,4.61
224,342385,2.11,6.44,21.81,4.61
225,343880,2.09,6.38,21.81,4.60
226,345375,1.90,5.80,21.81,4.62
227,346870,1.64,5.01,21.81,4.62
228,348365,1.16,3.55,21.81,4.61
229,349969,2.28,6.95,21.81,4.62
230,351571,2.24,6.84,21.81,4.62
231,353067,2.06,6.28,21.75,4.61
232,354565,1.86,5.68,21.75,4.62
233,356060,1.73,5.28,21.75,4.63
234,357555,1.02,3.12,21.75,4.60
235,359050,3.14,9.57,21.81,4.62
236,360653,1.70,5.19,21.75,4.61
237,362148,2.27,6.93,21.75,4.62
238,363643,2.42,7.38,21.75,4.63
239,365246,3.16,9.63,21.75,4.65
240,366850,2.45,7.48,21.75,4.61
241,368345,2.02,6.17,21.75,4.62
242,369840,1.77,5.40,21.75,4.62
243,371335,2.04,6.23,21.75,4.62
244,372830,1.45,4.43,21.75,4.61
245,374432,2.06,6.28,21.75,4.62
246,375928,2.99,9.11,21.75,4.61
247,377420,1.91,5.83,21.75,4.62
248,378915,1.51,4.59,21.75,4.62
249,380410,2.05,6.25,21.75,4.62
250,381906,1.47,4.47,21.75,4.62
251,383401,2.53,7.72,21.75,4.63
252,384897,2.35,7.17,21.75,4.62
253,386392,1.76,5.38,21.75,4.61
254,387887,1.70,5.19,21.75,4.63
255,389382,2.66,8.11,21.75,4.66
256,390984,2.00,6.11,21.75,4.62
257,392479,2.01,6.13,21.75,4.61
258,393974,2.02,6.16,21.75,4.62
259,395469,2.02,6.16,21.75,4.62
260,396964,1.54,4.70,21.75,4.63
261,398459,2.05,6.26,21.75,4.62
262,399954,3.20,9.75,21.75,4.63
263,401453,1.16,3.53,21.75,4.59
264,402948,3.00,9.15,21.75,4.62
265,404443,2.07,6.31,21.75,4.61
266,405938,2.35,7.17,21.75,4.61
267,407433,2.06,6.28,21.75,4.62
268,408928,2.05,6.25,21.75,4.61
269,410423,2.04,6.22,21.75,4.62
270,411918,2.03,6.20,21.75,4.61
271,413521,2.14,6.51,21.75,4.61
272,415016,2.30,7.01,21.75,4.63
273,416512,2.19,6.68,21.75,4.62
274,418007,1.21,3.70,21.75,4.62
275,419609,2.66,8.12,21.75,4.61
276,421104,1.89,5.77,21.75,4.61
277,422599,2.08,6.35,21.75,4.61
278,424097,2.08,6.35,21.75,4.61
279,425592,2.09,6.38,21.75,4.61
280,427087,2.10,6.40,21.75,4.62
281,428582,2.09,6.37,21.69,4.59
282,430077,0.69,2.10,21.69,4.58
283,431681,2.10,6.41,21.69,4.61
284,433176,2.10,6.40,21.69,4.61
285,434671,2.11,6.42,21.69,4.60
286,436274,1.12,3.41,21.69,4.60
287,437877,2.07,6.31,21.69,4.61
288,439372,2.06,6.28,21.69,4.61
289,440867,2.09,6.37,21.69,4.61
290,442362,3.37,10.29,21.69,4.65
291,443966,0.78,2.37,21.69,4.60
292,445570,1.96,5.96,21.69,4.61
293,447065,2.26,6.90,21.69,4.61
294,448563,2.20,6.72,21.69,4.61
295,450058,2.74,8.36,21.69,4.60
296,451553,0.87,2.67,21.69,4.59
297,453155,2.57,7.84,21.69,4.60
298,454650,2.34,7.13,21.69,4.60
299,456145,2.11,6.42,21.69,4.61
300,457640,3.00,9.14,21.69,4.59
301,459136,1.09,3.34,21.69,4.59
302,460739,1.81,5.53,21.69,4.62
303,462234,1.80,5.49,21.69,4.61
304,463729,1.85,5.65,21.69,4.61
305,465224,2.79,8.50,21.69,4.62
306,466719,2.91,8.87,21.69,4.62
307,468214,3.25,9.91,21.69,4.59
308,469818,2.28,6.96,21.69,4.60
309,471315,2.13,6.50,21.69,4.60
310,472810,2.15,6.54,21.69,4.60
311,474305,2.13,6.48,21.69,4.60
312,475800,1.84,5.61,21.69,4.60
313,477295,1.73,5.28,21.69,4.59
314,478790,1.73,5.26,21.69,4.61
315,480285,2.09,6.38,21.69,4.60
316,481780,2.78,8.48,21.69,4.58
317,483384,2.15,6.54,21.69,4.58
318,484986,2.12,6.47,21.69,4.60
319,486482,2.14,6.51,21.69,4.59
320,487977,2.17,6.60,21.69,4.60
321,489473,2.18,6.66,21.69,4.59
322,490968,2.17,6.62,21.69,4.60
323,492463,2.14,6.51,21.69,4.59
324,493958,2.13,6.48,21.69,4.58
325,495455,2.33,7.11,21.69,4.59
326,496950,1.79,5.47,21.69,4.58
327,498553,2.18,6.65,21.69,4.59
328,500157,1.86,5.66,21.69,4.58
329,501652,2.47,7.53,21.69,4.60
330,503255,2.11,6.42,21.69,4.59
331,504750,2.08,6.34,21.69,4.60
332,506245,1.86,5.66,21.69,4.59
333,507740,2.12,6.47,21.69,4.60
334,509235,2.05,6.25,21.69,4.59
335,510730,1.95,5.93,21.69,4.60
336,512225,2.49,7.60,21.69,4.59
337,513720,1.87,5.71,21.69,4.59
338,515215,2.07,6.31,21.69,4.59
339,516710,2.34,7.14,21.69,4.59
340,518208,1.28,3.89,21.69,4.59
341,519812,2.20,6.71,21.69,4.61
342,521307,1.95,5.95,21.69,4.59
343,522802,2.64,8.05,21.69,4.59
344,524297,2.14,6.51,21.69,4.59
345,525792,2.14,6.51,21.69,4.59
346,527287,2.17,6.60,21.69,4.59
347,528782,1.98,6.05,21.69,4.61
348,530384,1.88,5.74,21.69,4.60
349,531879,2.14,6.51,21.69,4.60
350,533374,2.14,6.51,21.69,4.60
351,534870,2.13,6.48,21.69,4.61
352,536365,3.11,9.50,21.69,4.59
353,537968,1.89,5.77,21.69,4.58
354,539571,2.18,6.65,21.69,4.60
355,541066,2.13,6.50,21.69,4.59
356,542564,1.95,5.93,21.69,4.59
357,544059,2.13,6.50,21.69,4.60
358,545554,2.93,8.93,21.69,4.62
359,547049,2.30,7.01,21.69,4.60
360,548653,1.82,5.55,21.69,4.59
361,550148,2.13,6.50,21.69,4.59
362,551643,2.34,7.13,21.69,4.59
363,553138,2.15,6.54,21.69,4.59
364,554633,2.50,7.62,21.69,4.60
365,556235,2.83,8.63,21.69,4.58
366,557730,2.17,6.62,21.69,4.58
367,559334,2.20,6.71,21.69,4.59
368,560829,1.08,3.29,21.69,4.57
369,562324,0.81,2.47,21.69,4.56
370,563927,2.22,6.78,21.69,4.57
371,565425,2.21,6.75,21.62,4.57
372,566920,2.27,6.92,21.69,4.57
373,568415,2.32,7.07,21.69,4.58
374,570018,2.22,6.78,21.69,4.57
375,571513,1.56,4.77,21.69,4.56
376,573008,2.31,7.05,21.69,4.57
377,574503,2.22,6.78,21.69,4.57
378,575998,3.00,9.14,21.69,4.58
379,577494,3.35,10.21,21.69,4.56
380,578990,2.19,6.69,21.69,4.56
381,580485,1.66,5.05,21.62,4.56
382,581980,2.31,7.05,21.69,4.57
383,583475,2.18,6.66,21.69,4.57
384,584970,2.19,6.69,21.69,4.55
385,586465,2.21,6.74,21.69,4.57
386,588068,2.18,6.66,21.69,4.58
387,589674,2.44,7.45,21.69,4.56
388,591169,2.24,6.84,21.62,4.56
389,592664,1.91,5.83,21.62,4.56
390,594159,1.96,5.98,21.62,4.56
391,595654,2.22,6.78,21.62,4.57
392,597149,2.21,6.75,21.62,4.57
393,598644,2.23,6.80,21.62,4.58
394,600139,2.19,6.68,21.69,4.56
395,601634,2.17,6.60,21.69,4.56
396,603129,1.85,5.65,21.62,4.57
397,604624,1.83,5.58,21.62,4.58
398,606119,1.97,6.02,21.62,4.57
399,607614,2.91,8.88,21.62,4.59
400,609110,3.31,10.11,21.62,4.58
401,610606,2.68,8.17,21.62,4.58
402,612104,3.27,9.99,21.62,4.57
403,613707,2.56,7.81,21.62,4.59
404,615202,2.25,6.86,21.62,4.58
405,616697,2.18,6.66,21.62,4.59
406,618192,2.14,6.51,21.62,4.59
407,619687,3.23,9.84,21.62,4.60
408,621290,1.55,4.74,21.62,4.58
409,622785,2.26,6.90,21.62,4.60
410,624280,2.12,6.47,21.62,4.59
411,625775,1.02,3.10,21.62,4.59
412,627270,2.16,6.57,21.62,4.59
413,628765,3.07,9.38,21.62,4.59
414,630260,2.43,7.42,21.62,4.60
415,631755,1.88,5.74,21.62,4.60
416,633359,3.31,10.09,21.62,4.60
417,634855,3.15,9.62,21.62,4.61
418,636353,1.14,3.47,21.62,4.60
419,637848,2.78,8.48,21.62,4.61
420,639343,1.96,5.98,21.62,4.60
421,640838,2.14,6.51,21.62,4.61
422,642333,2.09,6.38,21.62,4.61
423,643828,2.80,8.54,21.62,4.59
424,645323,2.10,6.41,21.62,4.61
425,646818,2.02,6.17,21.62,4.60
426,648313,2.10,6.40,21.62,4.61
427,649808,3.03,9.24,21.62,4.62
428,651412,2.19,6.69,21.62,4.61
429,652907,1.96,5.99,21.62,4.60
430,654402,2.08,6.35,21.62,4.61
431,655897,1.87,5.69,21.62,4.60
432,657392,2.31,7.04,21.62,4.60
433,658889,1.02,3.10,21.62,4.61
434,660493,2.08,6.34,21.62,4.63
435,661988,1.79,5.46,21.62,4.61
436,663483,2.04,6.23,21.62,4.61
437,664978,1.98,6.04,21.62,4.61
438,666473,2.11,6.42,21.62,4.61
439,667968,1.87,5.71,21.62,4.60
440,669463,2.78,8.48,21.62,4.61
441,671067,2.10,6.40,21.62,4.60
442,672562,2.23,6.81,21.62,4.61
443,674057,2.08,6.35,21.62,4.61
444,675552,2.11,6.42,21.62,4.61
445,677047,2.11,6.44,21.62,4.61
446,678542,0.80,2.43,21.62,4.63
447,680037,0.88,2.70,21.62,4.59
448,681639,1.96,5.98,21.62,4.61
449,683138,1.52,4.62,21.62,4.62
450,684633,2.31,7.05,21.62,4.62
451,686128,1.84,5.61,21.62,4.62
452,687623,1.60,4.87,21.62,4.60
453,689226,2.07,6.31,21.62,4.61
454,690721,2.49,7.60,21.62,4.60
455,692216,1.83,5.59,21.62,4.61
456,693711,2.17,6.60,21.62,4.61
457,695206,3.00,9.15,21.62,4.58
458,696701,1.25,3.80,21.62,4.61
459,698196,0.89,2.71,21.62,4.60
460,699692,2.61,7.95,21.62,4.61
461,701187,1.84,5.62,21.62,4.59
462,702682,2.17,6.63,21.62,4.60
463,704177,2.26,6.90,21.62,4.62
464,705782,2.85,8.71,21.56,4.60
465,707277,1.67,5.10,21.62,4.55
466,708772,2.20,6.71,21.62,4.59
467,710376,2.16,6.59,21.62,4.59
468,711979,2.29,6.99,21.56,4.60
469,713582,2.25,6.87,21.62,4.59
470,715077,2.03,6.20,21.62,4.59
471,716572,2.27,6.93,21.56,4.60
472,718067,2.17,6.62,21.62,4.59
473,719562,1.29,3.92,21.56,4.59
474,721057,2.63,8.02,21.56,4.59
475,722552,2.53,7.72,21.62,4.59
476,724047,1.92,5.86,21.62,4.59
477,725542,1.87,5.69,21.62,4.59
478,727037,2.38,7.26,21.56,4.59
479,728532,3.34,10.18,21.56,4.60
480,730032,1.86,5.66,21.56,4.58
481,731634,2.19,6.69,21.56,4.59
482,733129,1.31,4.00,21.56,4.58
483,734733,2.25,6.86,21.56,4.58
484,736228,2.24,6.84,21.56,4.58
485,737723,2.22,6.78,21.56,4.61
486,739218,3.31,10.11,21.56,4.57
487,740822,1.80,5.50,21.56,4.58
488,742317,2.27,6.93,21.56,4.57
489,743812,2.27,6.93,21.56,4.57
490,745307,2.27,6.92,21.56,4.57
491,746802,2.34,7.14,21.56,4.57
492,748297,2.24,6.83,21.56,4.56
493,749792,1.30,3.97,21.56,4.58
494,751287,1.84,5.61,21.56,4.56
495,752785,2.55,7.77,21.56,4.57
496,754387,2.31,7.04,21.56,4.56
497,755883,2.47,7.53,21.56,4.57
498,757379,1.58,4.83,21.56,4.54
499,758981,2.32,7.07,21.56,4.57
500,760476,2.78,8.47,21.56,4.55
501,761971,1.85,5.63,21.56,4.57
502,763466,2.66,8.11,21.56,4.57
503,764961,2.14,6.53,21.56,4.57
504,766456,2.02,6.17,21.56,4.57
505,768060,3.25,9.90,21.56,4.55
506,769555,3.14,9.59,21.56,4.48
507,771050,1.96,5.98,21.56,4.56
508,772654,1.75,5.35,21.56,4.56
509,774149,2.43,7.42,21.56,4.56
510,775644,2.58,7.86,21.56,4.56
511,777142,1.33,4.07,21.56,4.55
512,778637,1.79,5.46,21.56,4.56
513,780132,2.25,6.87,21.56,4.56
514,781627,2.01,6.13,21.56,4.56
515,783122,2.43,7.41,21.56,4.55
516,784617,2.15,6.54,21.56,4.56
517,786112,1.67,5.08,21.56,4.55
518,787715,2.36,7.19,21.56,4.53
519,789210,2.35,7.16,21.56,4.55
520,790705,2.36,7.19,21.56,4.56
521,792200,2.70,8.24,21.56,4.55
522,793695,2.35,7.16,21.56,4.55
523,795190,2.36,7.19,21.56,4.55
524,796685,2.37,7.23,21.56,4.56
525,798180,2.24,6.84,21.56,4.55
526,799678,2.44,7.45,21.56,4.53
527,801282,2.39,7.27,21.56,4.53
528,802777,1.52,4.65,21.56,4.54
529,804379,2.45,7.47,21.56,4.55
530,805874,2.17,6.63,21.56,4.55
531,807369,2.40,7.33,21.56,4.55
532,808864,2.60,7.92,21.56,4.55
533,810359,2.34,7.13,21.56,4.56
534,811854,2.39,7.29,21.56,4.56
535,813349,2.38,7.26,21.56,4.56
536,814844,2.10,6.41,21.56,4.56
537,816339,2.35,7.17,21.56,4.57
538,817943,2.39,7.30,21.56,4.57
539,819438,2.43,7.42,21.56,4.56
540,820933,2.62,8.01,21.56,4.56
541,822428,2.38,7.24,21.56,4.56
542,823926,2.39,7.27,21.56,4.56
543,825421,2.49,7.60,21.56,4.56
544,826916,1.43,4.37,21.56,4.58
545,828519,2.84,8.66,21.56,4.56
546,830014,2.10,6.40,21.56,4.55
547,831509,2.55,7.77,21.56,4.56
548,833004,2.59,7.89,21.56,4.56
549,834499,2.24,6.84,21.56,4.56
550,835994,2.36,7.19,21.56,4.56
551,837489,2.57,7.83,21.56,4.56
552,838984,2.42,7.38,21.56,4.57
553,840479,2.90,8.84,21.56,4.56
554,841974,2.43,7.42,21.56,4.55
555,843469,1.79,5.47,21.56,4.57
556,845073,2.14,6.53,21.56,4.56
557,846568,2.55,7.77,21.56,4.56
558,848066,2.32,7.08,21.56,4.57
559,849561,2.30,7.01,21.56,4.56
560,851056,2.39,7.29,21.56,4.55
561,852551,2.39,7.29,21.56,4.56
562,854046,2.63,8.03,21.56,4.58
563,855649,1.99,6.08,21.56,4.54
564,857252,1.96,5.96,21.56,4.56
565,858747,2.43,7.41,21.56,4.55
566,860242,2.37,7.23,21.56,4.55
567,861737,2.38,7.24,21.56,4.55
568,863233,3.57,10.90,21.56,4.54
569,864729,2.40,7.33,21.56,4.57
570,866224,2.39,7.30,21.56,4.53
571,867827,2.51,7.66,21.56,4.54
572,869322,2.36,7.19,21.56,4.55
573,870819,2.38,7.24,21.56,4.54
574,872314,2.32,7.07,21.56,4.54
575,873809,2.38,7.26,21.56,4.54
576,875304,2.38,7.26,21.56,4.54
577,876800,2.39,7.29,21.56,4.54
578,878295,2.14,6.53,21.56,4.53
579,879898,3.28,10.02,21.56,4.54
580,881394,2.39,7.27,21.56,4.55
581,882889,2.36,7.20,21.56,4.54
582,884384,2.38,7.24,21.56,4.54
583,885879,2.47,7.53,21.56,4.54
584,887374,2.17,6.62,21.56,4.53
585,888869,2.39,7.30,21.56,4.55
586,890364,3.64,11.09,21.56,4.53
587,891969,2.39,7.29,21.56,4.53
588,893466,2.35,7.17,21.56,4.52
589,894962,2.37,7.23,21.56,4.52
590,896457,1.78,5.43,21.56,4.51
591,898060,2.29,6.98,21.56,4.54
592,899555,2.38,7.24,21.56,4.54
593,901050,2.39,7.29,21.56,4.55
594,902545,2.39,7.27,21.56,4.56
595,904040,2.35,7.17,21.56,4.55
596,905535,1.21,3.68,21.56,4.54
597,907030,2.47,7.54,21.56,4.55
598,908525,2.21,6.74,21.56,4.55
599,910020,2.35,7.16,21.56,4.55
600,911515,2.27,6.93,21.56,4.54
601,913010,2.36,7.19,21.56,4.54
602,914614,1.80,5.50,21.56,4.53
603,916216,2.94,8.96,21.56,4.55
604,917714,2.31,7.05,21.56,4.55
605,919209,2.19,6.69,21.50,4.54
606,920813,2.56,7.80,21.50,4.54
607,922308,2.77,8.45,21.56,4.53
608,923803,3.57,10.88,21.56,4.53
609,925407,2.33,7.11,21.50,4.54
610,926902,2.28,6.96,21.56,4.55
611,928505,2.39,7.27,21.56,4.54
612,930000,2.31,7.04,21.50,4.55
613,931603,2.36,7.20,21.56,4.57
614,933207,2.36,7.20,21.56,4.54
615,934702,2.63,8.02,21.56,4.54
616,936197,2.34,7.14,21.56,4.54
617,937692,2.36,7.19,21.50,4.54
618,939187,1.48,4.50,21.56,4.54
619,940685,1.42,4.32,21.56,4.55
620,942180,2.25,6.86,21.56,4.53
621,943675,3.25,9.91,21.50,4.54
622,945170,2.63,8.03,21.56,4.54
623,946665,2.31,7.05,21.56,4.55
624,948160,2.26,6.89,21.56,4.54
625,949655,2.35,7.17,21.56,4.54
626,951150,2.35,7.16,21.56,4.57
627,952645,2.17,6.63,21.56,4.54
628,954140,2.31,7.04,21.50,4.54
629,955635,2.44,7.45,21.50,4.55
630,957130,2.33,7.10,21.56,4.54
631,958625,3.12,9.53,21.56,4.55
632,960228,2.34,7.14,21.50,4.55
633,961723,2.23,6.81,21.56,4.56
634,963218,2.30,7.02,21.56,4.55
635,964716,2.29,6.99,21.56,4.56
636,966211,1.67,5.08,21.56,4.57
637,967706,2.97,9.05,21.56,4.56
638,969310,2.88,8.78,21.50,4.56
639,970912,2.13,6.50,21.50,4.56
640,972407,2.31,7.04,21.50,4.56
641,973902,3.34,10.20,21.50,4.55
642,975398,3.17,9.66,21.56,4.58
643,976893,1.34,4.10,21.50,4.58
644,978388,1.82,5.56,21.50,4.56
645,979884,2.29,6.99,21.50,4.56
646,981379,2.07,6.31,21.50,4.57
647,982874,2.28,6.95,21.50,4.57
648,984369,2.28,6.96,21.50,4.57
649,985864,2.29,6.99,21.50,4.56
650,987469,2.66,8.12,21.50,4.57
651,988964,1.38,4.20,21.50,4.56
652,990459,3.36,10.24,21.50,4.60
653,991955,1.92,5.86,21.50,4.58
654,993559,2.45,7.47,21.50,4.57
655,995054,2.13,6.48,21.50,4.57
656,996549,2.10,6.40,21.50,4.58
657,998044,2.40,7.33,21.50,4.58
658,999539,2.29,6.99,21.50,4.57
659,1001034,3.04,9.27,21.50,4.58
660,1002530,1.23,3.76,21.50,4.58
661,1004135,2.35,7.16,21.50,4.57
662,1005631,1.28,3.89,21.50,4.57
663,1007127,1.05,3.21,21.50,4.59
664,1008623,1.31,4.01,21.50,4.59
665,1010119,1.86,5.68,21.50,4.59
666,1011726,3.11,9.48,21.50,4.58
667,1013330,2.34,7.14,21.50,4.58
668,1014827,2.71,8.26,21.50,4.57
669,1016323,2.36,7.19,21.50,4.57
670,1017819,2.62,8.01,21.50,4.57
671,1019423,2.40,7.32,21.50,4.58
672,1020919,1.77,5.40,21.50,4.57
673,1022415,2.17,6.62,21.50,4.58
674,1023911,2.10,6.40,21.50,4.57
675,1025408,1.96,5.99,21.50,4.57
676,1026904,2.48,7.56,21.50,4.58
677,1028400,2.39,7.29,21.50,4.57
678,1029896,2.26,6.90,21.50,4.58
679,1031392,2.24,6.84,21.50,4.58
680,1032888,2.21,6.75,21.50,4.57
681,1034387,1.33,4.05,21.50,4.57
682,1035883,2.78,8.47,21.50,4.57
683,1037488,2.95,9.00,21.50,4.57
684,1039091,2.31,7.05,21.50,4.58
685,1040696,2.10,6.41,21.50,4.58
686,1042192,2.75,8.39,21.50,4.57
687,1043688,2.36,7.19,21.50,4.58
688,1045184,2.38,7.24,21.50,4.58
689,1046680,2.49,7.60,21.50,4.57
690,1048176,2.03,6.19,21.50,4.58
691,1049672,2.46,7.51,21.50,4.57
692,1051168,2.33,7.10,21.50,4.57
693,1052664,2.34,7.13,21.50,4.58
694,1054160,2.38,7.24,21.50,4.57
695,1055656,2.14,6.51,21.50,4.57
696,1057156,2.62,8.01,21.50,4.58
697,1058760,2.41,7.35,21.50,4.58
698,1060256,2.31,7.04,21.50,4.57
699,1061752,2.37,7.23,21.50,4.58
700,1063248,2.39,7.30,21.50,4.58
701,1064744,2.27,6.93,21.50,4.58
702,1066241,2.32,7.07,21.50,4.58
703,1067737,2.12,6.47,21.50,4.58
704,1069233,2.34,7.13,21.50,4.58
705,1070729,2.22,6.78,21.50,4.58
706,1072225,2.25,6.87,21.50,4.58
707,1073721,2.11,6.44,21.50,4.58
708,1075218,2.29,6.99,21.50,4.58
709,1076714,2.26,6.89,21.50,4.58
710,1078210,2.27,6.92,21.50,4.58
711,1079709,2.54,7.74,21.50,4.57
712,1081205,2.35,7.17,21.50,4.58
713,1082701,2.48,7.57,21.50,4.58
714,1084197,2.25,6.87,21.50,4.56
715,1085693,2.63,8.03,21.50,4.57
716,1087190,2.27,6.92,21.50,4.59
717,1088686,1.02,3.12,21.50,4.60
718,1090182,1.19,3.62,21.50,4.58
719,1091678,2.29,6.99,21.50,4.58
720,1093174,3.24,9.88,21.50,4.60
721,1094778,2.22,6.77,21.50,4.60
722,1096274,2.22,6.77,21.50,4.57
723,1097771,2.24,6.83,21.50,4.58
724,1099267,1.81,5.53,21.50,4.58
725,1100871,2.34,7.13,21.50,4.58
726,1102369,2.52,7.69,21.50,4.58
727,1103865,2.07,6.31,21.50,4.58
728,1105470,2.06,6.29,21.50,4.58
729,1106966,1.98,6.05,21.50,4.57
730,1108462,2.22,6.78,21.50,4.58
731,1109958,2.22,6.78,21.50,4.58
732,1111454,2.23,6.80,21.50,4.57
733,1112950,1.81,5.53,21.50,4.56
734,1114446,2.23,6.81,21.50,4.58
735,1115942,2.35,7.16,21.50,4.57
736,1117438,2.98,9.09,21.50,4.58
737,1118935,1.26,3.83,21.50,4.55
738,1120432,3.20,9.76,21.50,4.57
739,1122035,2.23,6.80,21.50,4.57
740,1123531,2.19,6.69,21.50,4.57
741,1125030,1.56,4.76,21.50,4.58
742,1126526,3.14,9.59,21.50,4.56
743,1128023,2.57,7.83,21.50,4.54
744,1129627,2.73,8.33,21.50,4.56
745,1131123,2.30,7.02,21.50,4.56
746,1132619,2.11,6.42,21.50,4.56
747,1134115,2.30,7.01,21.50,4.56
748,1135611,2.08,6.35,21.50,4.56
749,1137107,2.16,6.57,21.50,4.56
750,1138604,1.92,5.84,21.50,4.56
751,1140100,2.04,6.23,21.50,4.56
752,1141596,2.57,7.83,21.50,4.55
753,1143092,2.29,6.98,21.50,4.56
754,1144588,2.28,6.95,21.50,4.56
755,1146084,2.27,6.93,21.50,4.56
756,1147583,2.25,6.86,21.50,4.56
757,1149079,2.27,6.93,21.50,4.57
758,1150575,2.27,6.92,21.50,4.56
759,1152071,2.26,6.89,21.50,4.56
760,1153567,1.30,3.95,21.50,4.57
761,1155172,1.03,3.15,21.44,4.57
762,1156776,2.43,7.42,21.50,4.57
763,1158273,2.41,7.35,21.44,4.57
764,1159769,2.16,6.57,21.50,4.57
765,1161265,2.05,6.25,21.50,4.57
766,1162761,2.36,7.19,21.50,4.57
767,1164257,2.36,7.20,21.50,4.57
768,1165753,2.20,6.72,21.50,4.58
769,1167249,2.21,6.74,21.50,4.58
770,1168745,2.69,8.21,21.44,4.59
771,1170244,2.20,6.71,21.50,4.57
772,1171740,2.18,6.65,21.50,4.58
773,1173236,2.19,6.69,21.50,4.58
774,1174732,2.20,6.71,21.50,4.58
775,1176228,2.21,6.75,21.50,4.56
776,1177833,3.01,9.17,21.50,4.59
777,1179329,2.60,7.93,21.50,4.61
778,1180934,1.84,5.61,21.50,4.58
779,1182430,1.89,5.77,21.44,4.58
780,1183926,2.53,7.71,21.50,4.58
781,1185422,2.02,6.17,21.50,4.59
782,1186918,2.00,6.10,21.50,4.58
783,1188414,2.48,7.57,21.44,4.59
784,1189910,1.94,5.90,21.44,4.58
785,1191406,1.97,6.01,21.50,4.62
786,1192905,2.48,7.56,21.44,4.60
787,1194401,1.91,5.83,21.50,4.59
788,1195897,1.94,5.90,21.50,4.59
789,1197393,2.47,7.54,21.50,4.59
790,1198998,2.55,7.77,21.50,4.65
791,1200602,1.44,4.38,21.44,4.59
792,1202098,1.88,5.72,21.44,4.59
793,1203594,2.13,6.50,21.44,4.60
794,1205090,2.13,6.50,21.44,4.60
795,1206586,2.31,7.04,21.44,4.60
796,1208082,2.25,6.86,21.44,4.58
797,1209579,2.59,7.90,21.44,4.60
798,1211075,3.06,9.33,21.44,4.58
799,1212571,1.35,4.13,21.44,4.62
800,1214067,1.63,4.98,21.44,4.59
801,1215566,2.95,8.99,21.44,4.60
802,1217170,2.13,6.50,21.44,4.59
803,1218666,0.91,2.77,21.44,4.60
804,1220162,2.06,6.29,21.44,4.59
805,1221658,2.18,6.65,21.44,4.60
806,1223154,2.13,6.50,21.44,4.60
807,1224650,2.13,6.48,21.44,4.59
808,1226146,2.14,6.53,21.44,4.60
809,1227643,2.12,6.47,21.44,4.60
810,1229139,2.13,6.48,21.44,4.60
811,1230636,2.13,6.48,21.44,4.60
812,1232132,1.82,5.55,21.44,4.61
813,1233628,2.84,8.68,21.44,4.59
814,1235124,2.15,6.54,21.44,4.60
815,1236620,2.15,6.54,21.44,4.59
816,1238119,2.42,7.38,21.44,4.56
817,1239723,3.00,9.15,21.44,4.61
818,1241219,3.01,9.17,21.44,4.61
819,1242715,2.45,7.47,21.44,4.60
820,1244319,2.15,6.54,21.44,4.61
821,1245815,1.81,5.52,21.44,4.62
822,1247311,1.88,5.72,21.44,4.62
823,1248807,1.97,6.01,21.44,4.62
824,1250304,2.40,7.32,21.44,4.61
825,1251800,2.48,7.57,21.44,4.58
826,1253296,1.52,4.62,21.44,4.61
827,1254900,2.22,6.78,21.44,4.58
828,1256396,1.47,4.49,21.44,4.62
829,1258001,2.02,6.17,21.44,4.61
830,1259497,2.04,6.22,21.44,4.61
831,1260991,2.05,6.25,21.44,4.61
832,1262487,2.06,6.29,21.44,4.62
833,1263983,1.74,5.29,21.44,4.62
834,1265479,2.03,6.19,21.44,4.62
835,1266975,2.07,6.31,21.44,4.62
836,1268471,2.04,6.23,21.44,4.62
837,1269967,1.78,5.43,21.44,4.62
838,1271463,2.83,8.65,21.44,4.62
839,1273068,1.99,6.07,21.44,4.61
840,1274564,2.04,6.22,21.44,4.61
841,1276060,1.96,5.98,21.44,4.61
842,1277556,2.46,7.51,21.44,4.62
843,1279052,1.58,4.83,21.44,4.62
844,1280548,2.09,6.38,21.44,4.60
845,1282044,2.18,6.66,21.44,4.60
846,1283544,2.24,6.84,21.44,4.61
847,1285040,2.46,7.50,21.44,4.59
848,1286536,1.62,4.95,21.44,4.62
849,1288032,2.03,6.20,21.44,4.62
850,1289528,2.15,6.56,21.44,4.62
851,1291024,2.25,6.86,21.44,4.61
852,1292628,1.96,5.98,21.44,4.61
853,1294125,2.08,6.35,21.44,4.62
854,1295621,2.12,6.45,21.44,4.61
855,1297117,2.09,6.37,21.44,4.64
856,1298721,1.76,5.37,21.44,4.61
857,1300217,2.38,7.26,21.44,4.63
858,1301821,2.17,6.63,21.44,4.61
859,1303317,2.08,6.35,21.44,4.61
860,1304813,2.09,6.38,21.44,4.62
861,1306310,2.04,6.23,21.44,4.62
862,1307808,2.04,6.22,21.44,4.59
863,1309304,1.65,5.04,21.44,4.62
864,1310800,2.82,8.60,21.44,4.62
865,1312405,2.12,6.45,21.44,4.61
866,1313901,2.02,6.16,21.44,4.62
867,1315397,2.28,6.96,21.44,4.62
868,1316893,1.77,5.41,21.44,4.62
869,1318389,2.27,6.93,21.44,4.62
870,1319885,2.32,7.07,21.44,4.62
871,1321381,1.78,5.43,21.44,4.62
872,1322986,1.09,3.32,21.44,4.62
873,1324591,2.03,6.20,21.44,4.61
874,1326087,0.95,2.89,21.44,4.59
875,1327583,1.13,3.46,21.44,4.64
876,1329186,2.10,6.41,21.44,4.60
877,1330685,2.53,7.71,21.44,4.61
878,1332290,2.74,8.35,21.44,4.61
879,1333786,2.01,6.14,21.44,4.61
880,1335282,2.04,6.22,21.44,4.59
881,1336778,1.07,3.26,21.44,4.60
882,1338274,1.48,4.50,21.44,4.61
883,1339770,3.19,9.72,21.44,4.57
884,1341375,2.09,6.37,21.44,4.62
885,1342871,1.73,5.26,21.44,4.62
886,1344475,2.15,6.56,21.44,4.61
887,1345972,1.91,5.83,21.44,4.61
888,1347468,2.04,6.22,21.44,4.61
889,1348964,2.03,6.19,21.44,4.61
890,1350460,2.23,6.81,21.44,4.62
891,1351956,2.03,6.20,21.44,4.62
892,1353455,2.03,6.19,21.44,4.61
893,1354951,2.07,6.31,21.44,4.61
894,1356447,2.03,6.19,21.44,4.61
895,1357943,1.81,5.52,21.44,4.62
896,1359439,1.80,5.49,21.44,4.61
897,1360935,1.70,5.17,21.44,4.61
898,1362432,2.27,6.93,21.44,4.62
899,1363928,2.23,6.80,21.44,4.62
900,1365424,1.84,5.61,21.44,4.62
901,1366920,2.02,6.17,21.44,4.62
902,1368416,2.20,6.71,21.44,4.61
903,1369912,1.76,5.37,21.44,4.61
904,1371516,2.60,7.92,21.44,4.62
905,1373121,2.86,8.74,21.44,4.61
906,1374617,3.09,9.44,21.44,4.61
907,1376224,2.03,6.20,21.44,4.63
908,1377720,2.27,6.92,21.44,4.62
909,1379324,2.29,6.98,21.44,4.61
910,1380820,1.87,5.69,21.44,4.61
911,1382317,2.33,7.11,21.44,4.62
912,1383813,2.18,6.65,21.44,4.61
913,1385417,1.77,5.40,21.44,4.61
914,1387021,3.11,9.48,21.44,4.63
915,1388517,1.35,4.11,21.44,4.61
916,1390013,1.96,5.98,21.44,4.61
917,1391509,1.77,5.41,21.44,4.61
918,1393005,2.31,7.04,21.44,4.62
919,1394502,2.04,6.23,21.44,4.61
920,1395998,2.08,6.35,21.44,4.61
921,1397602,3.03,9.23,21.44,4.60
922,1399209,2.06,6.28,21.44,4.61
923,1400706,1.84,5.62,21.44,4.61
924,1402309,1.99,6.07,21.44,4.62
925,1403805,1.86,5.68,21.44,4.62
926,1405301,1.78,5.43,21.44,4.61
927,1406798,1.68,5.11,21.44,4.62
928,1408294,2.30,7.01,21.44,4.62
929,1409790,2.27,6.93,21.44,4.61
930,1411287,1.65,5.02,21.44,4.58
931,1412783,2.77,8.44,21.44,4.58
932,1414386,2.96,9.02,21.44,4.61
933,1415991,2.09,6.38,21.44,4.61
934,1417487,2.20,6.72,21.44,4.61
935,1418983,2.15,6.56,21.44,4.61
936,1420479,2.38,7.24,21.44,4.61
937,1421978,2.13,6.48,21.44,4.61
938,1423474,1.87,5.71,21.44,4.61
939,1424970,1.82,5.56,21.44,4.60
940,1426466,2.02,6.16,21.44,4.60
941,1427962,2.11,6.42,21.44,4.60
942,1429458,2.03,6.19,21.44,4.60
943,1430955,1.56,4.77,21.44,4.60
944,1432559,2.14,6.51,21.44,4.59
945,1434055,2.14,6.53,21.44,4.59
946,1435551,2.66,8.12,21.37,4.60
947,1437156,1.76,5.37,21.44,4.59
948,1438652,2.11,6.42,21.37,4.59
949,1440148,1.96,5.99,21.37,4.59
950,1441644,2.10,6.40,21.44,4.59
951,1443140,2.13,6.48,21.37,4.59
952,1444639,1.41,4.31,21.37,4.59
953,1446135,2.30,7.02,21.37,4.57
954,1447631,2.25,6.87,21.44,4.58
955,1449127,1.51,4.59,21.37,4.58
956,1450732,2.27,6.92,21.37,4.58
957,1452228,2.18,6.65,21.37,4.58
958,1453724,2.34,7.13,21.44,4.58
959,1455220,2.19,6.68,21.44,4.58
960,1456716,2.17,6.63,21.37,4.58
961,1458212,2.39,7.27,21.44,4.57
962,1459708,2.80,8.54,21.37,4.56
963,1461204,3.26,9.94,21.37,4.58
964,1462809,3.30,10.08,21.37,4.57
965,1464306,2.19,6.68,21.37,4.58
966,1465802,2.24,6.84,21.37,4.57
967,1467301,1.72,5.25,21.37,4.60
968,1468797,2.19,6.69,21.37,4.58
969,1470294,2.25,6.86,21.37,4.58
970,1471790,2.22,6.77,21.37,4.58
971,1473286,2.22,6.77,21.37,4.57
972,1474782,2.21,6.74,21.37,4.58
973,1476278,2.21,6.75,21.37,4.57
974,1477774,2.20,6.72,21.37,4.57
975,1479270,2.06,6.29,21.37,4.59
976,1480875,2.11,6.42,21.37,4.57
977,1482478,1.47,4.49,21.37,4.57
978,1484150,2.30,7.02,21.37,4.57
979,1485646,2.04,6.23,21.37,4.55
980,1487142,2.60,7.93,21.37,4.57
981,1488747,2.22,6.77,21.37,4.57
982,1490256,2.30,7.02,21.37,4.56
983,1491755,1.50,4.56,21.37,4.55
984,1493253,2.65,8.09,21.44,4.53
985,1494751,2.07,6.32,21.37,4.57
986,1496357,2.47,7.53,21.37,4.56
987,1497964,2.21,6.74,21.37,4.56
988,1499462,1.91,5.81,21.37,4.56
989,1500960,2.13,6.50,21.37,4.56
990,1502458,2.13,6.50,21.37,4.57
991,1503958,2.98,9.09,21.37,4.58
992,1505456,0.91,2.79,21.37,4.56
993,1507062,2.25,6.87,21.37,4.56
994,1508560,2.24,6.83,21.44,4.57
995,1510059,2.32,7.08,21.37,4.58
996,1511557,1.60,4.87,21.37,4.57
997,1513058,1.94,5.90,21.37,4.57
998,1514556,1.59,4.84,21.37,4.57
999,1516054,2.28,6.96,21.37,4.57
1000,1517553,2.04,6.23,21.37,4.54
1001,1519052,1.96,5.98,21.37,4.57
1002,1520551,2.52,7.69,21.37,4.56
1003,1522051,2.45,7.47,21.37,4.56
1004,1523658,2.23,6.80,21.37,4.57
1005,1525157,2.98,9.09,21.37,4.55
1006,1526658,2.11,6.44,21.37,4.56
1007,1528157,2.02,6.16,21.37,4.57
1008,1529656,2.07,6.31,21.37,4.58
1009,1531155,1.90,5.80,21.37,4.56
1010,1532654,2.42,7.38,21.37,4.57
1011,1534154,2.79,8.51,21.37,4.55
1012,1535764,2.23,6.81,21.37,4.53
1013,1537263,2.23,6.81,21.37,4.57
1014,1538763,2.18,6.66,21.37,4.58
1015,1540262,2.11,6.42,21.37,4.56
1016,1541870,1.57,4.80,21.37,4.57
1017,1543477,2.23,6.80,21.37,4.56
1018,1544977,2.25,6.86,21.37,4.56
1019,1546476,2.25,6.87,21.37,4.56
1020,1547975,1.45,4.43,21.37,4.57
1021,1549474,2.04,6.23,21.37,4.56
1022,1550974,2.10,6.41,21.44,4.57
1023,1552474,2.01,6.14,21.37,4.56
1024,1553973,2.42,7.39,21.37,4.58
1025,1555580,1.53,4.68,21.37,4.56
1026,1557083,2.48,7.56,21.37,4.57
1027,1558689,2.17,6.62,21.37,4.57
1028,1560189,2.34,7.13,21.37,4.57
1029,1561689,2.15,6.56,21.37,4.56
1030,1563188,2.06,6.29,21.37,4.57
1031,1564687,2.16,6.59,21.37,4.57
1032,1566187,2.49,7.59,21.37,4.59
1033,1567794,2.21,6.75,21.37,4.58
1034,1569294,2.19,6.69,21.37,4.58
1035,1570793,2.11,6.42,21.37,4.58
1036,1572292,2.18,6.66,21.37,4.59
1037,1573791,2.20,6.72,21.37,4.58
1038,1575291,2.40,7.32,21.37,4.58
1039,1576791,2.10,6.41,21.37,4.56
1040,1578290,2.21,6.75,21.37,4.59
1041,1579900,2.62,8.01,21.37,4.55
1042,1581400,1.34,4.10,21.37,4.57
1043,1583007,2.94,8.96,21.37,4.57
1044,1584614,2.57,7.83,21.37,4.56
1045,1586222,2.24,6.84,21.37,4.56
1046,1587721,1.98,6.05,21.37,4.57
1047,1589220,2.67,8.14,21.37,4.57
1048,1590720,3.34,10.18,21.37,4.57
1049,1592220,2.31,7.05,21.37,4.56
1050,1593719,1.46,4.46,21.37,4.57
1051,1595218,0.96,2.94,21.37,4.58
1052,1596826,2.27,6.93,21.37,4.57
1053,1598325,2.34,7.13,21.37,4.56
1054,1599825,2.24,6.84,21.37,4.56
1055,1601325,2.25,6.86,21.37,4.55
1056,1602934,3.10,9.45,21.37,4.55
1057,1604434,2.25,6.86,21.37,4.56
1058,1605934,2.20,6.72,21.37,4.56
1059,1607433,2.55,7.77,21.37,4.53
1060,1608932,1.49,4.55,21.37,4.57
1061,1610540,2.25,6.86,21.37,4.56
1062,1612039,2.14,6.53,21.37,4.56
1063,1613539,1.69,5.14,21.37,4.56
1064,1615038,0.89,2.71,21.37,4.58
1065,1616646,2.30,7.01,21.37,4.56
1066,1618252,3.47,10.58,21.37,4.56
1067,1619753,2.55,7.77,21.37,4.56
1068,1621360,2.19,6.68,21.37,4.56
1069,1622860,1.80,5.49,21.37,4.56
1070,1624363,2.28,6.95,21.37,4.57
1071,1625862,2.28,6.95,21.37,4.56
1072,1627361,2.36,7.19,21.37,4.56
1073,1628860,3.41,10.39,21.37,4.54
1074,1630361,2.26,6.90,21.37,4.56
1075,1631860,2.27,6.93,21.37,4.55
1076,1633359,2.48,7.56,21.37,4.55
1077,1634859,2.26,6.89,21.37,4.56
1078,1636359,2.29,6.98,21.37,4.56
1079,1637858,2.30,7.02,21.37,4.56
1080,1639357,3.15,9.60,21.37,4.56
1081,1640965,2.56,7.81,21.37,4.56
1082,1642572,1.64,5.01,21.37,4.53
1083,1644071,1.94,5.90,21.37,4.56
1084,1645679,2.35,7.17,21.37,4.55
1085,1647289,2.70,8.23,21.37,4.56
1086,1648788,3.19,9.72,21.37,4.56
1087,1650287,2.32,7.07,21.37,4.56
1088,1651787,2.30,7.01,21.37,4.56
1089,1653286,2.97,9.05,21.37,4.54
1090,1654894,1.23,3.74,21.37,4.54
1091,1656501,2.27,6.92,21.37,4.54
1092,1658001,2.39,7.30,21.37,4.56
1093,1659500,3.07,9.38,21.37,4.56
1094,1660999,1.40,4.26,21.37,4.58
1095,1662498,1.47,4.47,21.37,4.55
1096,1664106,2.32,7.07,21.37,4.54
1097,1665605,2.32,7.07,21.37,4.55
1098,1667105,2.15,6.56,21.37,4.54
1099,1668608,2.79,8.50,21.37,4.54
1100,1670107,2.43,7.41,21.37,4.55
1101,1671714,1.96,5.98,21.37,4.53
1102,1673213,2.28,6.95,21.37,4.53
1103,1674713,2.37,7.23,21.37,4.54
1104,1676212,2.26,6.89,21.37,4.54
1105,1677819,2.84,8.66,21.37,4.54
1106,1679427,2.38,7.24,21.37,4.55
1107,1681035,2.84,8.66,21.37,4.54
1108,1682534,2.44,7.45,21.37,4.54
1109,1684033,1.84,5.61,21.37,4.55
1110,1685532,2.34,7.14,21.37,4.54
1111,1687031,2.49,7.59,21.44,4.55
1112,1688531,2.31,7.05,21.37,4.54
1113,1690031,1.86,5.66,21.44,4.57
1114,1691533,2.61,7.96,21.44,4.55
1115,1693032,2.16,6.57,21.44,4.54
1116,1694531,1.03,3.15,21.44,4.54
1117,1696139,2.31,7.05,21.37,4.57
1118,1697746,2.46,7.50,21.44,4.56
1119,1699354,2.62,7.99,21.44,4.54
1120,1700853,2.79,8.50,21.37,4.54
1121,1702352,2.24,6.83,21.44,4.55
1122,1703852,2.18,6.66,21.44,4.53
1123,1705459,3.26,9.94,21.37,4.53
1124,1707067,1.72,5.23,21.44,4.56
1125,1708566,2.33,7.10,21.37,4.54
1126,1710065,2.13,6.48,21.44,4.54
1127,1711565,1.09,3.31,21.44,4.54
1128,1713064,3.13,9.56,21.44,4.56
1129,1714567,2.70,8.23,21.44,4.55
1130,1716066,1.55,4.74,21.44,4.57
1131,1717565,2.34,7.13,21.44,4.56
1132,1719065,2.44,7.44,21.44,4.54
1133,1720564,2.28,6.96,21.44,4.54
1134,1722063,3.32,10.12,21.44,4.55
1135,1723672,2.36,7.19,21.44,4.56
1136,1725171,2.53,7.71,21.44,4.54
1137,1726670,2.33,7.10,21.44,4.54
1138,1728169,1.98,6.04,21.44,4.55
1139,1729777,1.61,4.90,21.44,4.54
1140,1731276,2.35,7.17,21.44,4.55
1141,1732776,2.33,7.11,21.44,4.55
1142,1734276,2.34,7.14,21.44,4.54
1143,1735778,1.75,5.34,21.44,4.55
1144,1737277,1.94,5.92,21.44,4.55
1145,1738776,2.66,8.11,21.44,4.54
1146,1740276,2.69,8.21,21.44,4.55
1147,1741775,2.14,6.51,21.44,4.54
1148,1743383,2.33,7.11,21.44,4.52
1149,1744882,2.47,7.54,21.44,4.54
1150,1746490,2.59,7.89,21.44,4.54
1151,1747989,2.32,7.07,21.44,4.54
1152,1749488,2.00,6.10,21.44,4.54
1153,1750987,2.72,8.30,21.44,4.55
1154,1752487,1.67,5.10,21.44,4.54
1155,1753987,2.29,6.99,21.44,4.54
1156,1755486,2.61,7.95,21.44,4.55
1157,1756985,2.40,7.33,21.44,4.55
1158,1758596,2.61,7.98,21.44,4.54
1159,1760095,2.46,7.51,21.44,4.55
1160,1761594,2.91,8.88,21.44,4.54
1161,1763093,3.34,10.20,21.44,4.54
1162,1764594,2.30,7.01,21.44,4.55
1163,1766093,2.35,7.17,21.44,4.55
1164,1767592,2.71,8.26,21.44,4.55
1165,1769092,2.40,7.32,21.44,4.55
1166,1770592,1.99,6.07,21.44,4.56
1167,1772091,2.32,7.08,21.44,4.55
1168,1773590,1.92,5.84,21.44,4.56
1169,1775089,1.28,3.89,21.44,4.55
1170,1776589,2.35,7.17,21.44,4.56
1171,1778088,2.18,6.65,21.44,4.56
1172,1779591,2.24,6.84,21.44,4.56
1173,1781090,2.28,6.96,21.44,4.56
1174,1782589,2.37,7.23,21.44,4.57
1175,1784088,2.27,6.92,21.44,4.55
1176,1785588,1.96,5.99,21.44,4.56
1177,1787195,2.25,6.87,21.44,4.55
1178,1788695,2.26,6.89,21.44,4.57
1179,1790194,2.11,6.42,21.44,4.57
1180,1791693,2.76,8.42,21.44,4.56
1181,1793301,0.98,3.00,21.44,4.56
1182,1794800,2.24,6.83,21.44,4.57
1183,1796299,1.90,5.78,21.44,4.57
1184,1797798,2.27,6.92,21.44,4.58
1185,1799299,2.33,7.10,21.44,4.56
1186,1800798,2.70,8.23,21.44,4.59
1187,1802300,2.25,6.87,21.44,4.58
1188,1803799,2.69,8.21,21.44,4.57
1189,1805298,2.94,8.96,21.44,4.57
1190,1806798,2.17,6.60,21.44,4.57
1191,1808297,2.17,6.63,21.44,4.58
1192,1809797,3.47,10.57,21.44,4.59
1193,1811297,1.44,4.40,21.44,4.58
1194,1812904,2.22,6.77,21.44,4.57
1195,1814404,1.99,6.08,21.44,4.58
1196,1815904,1.41,4.29,21.44,4.58
1197,1817403,2.48,7.56,21.44,4.58
1198,1818902,2.19,6.68,21.44,4.58
1199,1820401,2.19,6.68,21.44,4.58
1200,1821900,2.17,6.63,21.44,4.58
1201,1823400,0.93,2.83,21.44,4.57
1202,1825010,1.68,5.11,21.44,4.58
1203,1826509,2.32,7.07,21.44,4.58
1204,1828117,2.29,6.98,21.44,4.58
1205,1829616,1.68,5.13,21.44,4.59
1206,1831116,3.42,10.42,21.44,4.60
1207,1832616,1.73,5.26,21.44,4.59
1208,1834116,2.11,6.42,21.44,4.58
1209,1835615,2.16,6.59,21.44,4.60
1210,1837222,3.01,9.17,21.44,4.58
1211,1838722,2.07,6.32,21.44,4.58
1212,1840329,3.31,10.11,21.44,4.59
1213,1841938,1.52,4.65,21.44,4.59
1214,1843437,2.44,7.44,21.44,4.58
1215,1845045,2.22,6.78,21.44,4.59
1216,1846547,2.62,7.99,21.44,4.56
1217,1848046,1.83,5.59,21.44,4.59
1218,1849654,2.18,6.66,21.44,4.59
1219,1851153,2.24,6.83,21.44,4.59
1220,1852652,2.15,6.54,21.44,4.59
1221,1854260,2.10,6.41,21.44,4.59
1222,1855759,2.79,8.50,21.44,4.58
1223,1857258,2.41,7.36,21.44,4.60
1224,1858758,2.17,6.60,21.44,4.61
1225,1860365,1.94,5.90,21.44,4.60
1226,1861865,3.19,9.72,21.44,4.59
1227,1863364,2.11,6.44,21.44,4.60
1228,1864863,2.13,6.48,21.50,4.60
1229,1866362,2.13,6.48,21.44,4.62
1230,1867970,1.57,4.80,21.44,4.60
1231,1869472,2.12,6.45,21.44,4.61
1232,1870971,2.16,6.59,21.44,4.60
1233,1872472,2.12,6.45,21.44,4.60
1234,1874078,2.16,6.57,21.44,4.61
1235,1875578,1.82,5.55,21.44,4.60
1236,1877078,2.90,8.84,21.50,4.60
1237,1878577,1.65,5.02,21.44,4.61
1238,1880076,2.17,6.60,21.44,4.62
1239,1881575,1.93,5.87,21.44,4.60
1240,1883075,2.42,7.38,21.44,4.61
1241,1884574,2.82,8.59,21.44,4.60
1242,1886182,0.72,2.21,21.50,4.61
1243,1887789,1.68,5.13,21.44,4.62
1244,1889289,1.79,5.47,21.44,4.62
1245,1890788,1.87,5.69,21.44,4.60
1246,1892290,2.72,8.30,21.44,4.61
1247,1893789,1.78,5.44,21.44,4.60
1248,1895397,1.77,5.40,21.44,4.60
1249,1897005,2.13,6.48,21.44,4.60
1250,1898504,1.78,5.44,21.44,4.61
1251,1900003,1.88,5.72,21.44,4.62
1252,1901502,1.95,5.95,21.44,4.63
1253,1903002,1.28,3.91,21.44,4.61
1254,1904501,2.17,6.60,21.44,4.61
1255,1906000,1.56,4.76,21.44,4.61
1256,1907500,3.20,9.75,21.44,4.61
1257,1908999,3.18,9.69,21.44,4.60
1258,1910499,2.41,7.36,21.44,4.61
1259,1911998,1.99,6.07,21.44,4.63
1260,1913500,1.49,4.53,21.44,4.62
1261,1915108,2.24,6.83,21.44,4.65
1262,1916607,2.20,6.71,21.44,4.65
1263,1918106,1.96,5.96,21.44,4.62
1264,1919714,1.83,5.59,21.44,4.62
1265,1921213,2.90,8.85,21.44,4.62
1266,1922821,1.90,5.80,21.44,4.62
1267,1924320,1.95,5.95,21.44,4.62
1268,1925819,1.97,6.01,21.44,4.65
1269,1927427,1.96,5.96,21.44,4.63
1270,1928926,1.93,5.89,21.44,4.63
1271,1930425,1.92,5.84,21.44,4.63
1272,1931925,1.89,5.75,21.44,4.62
1273,1933424,1.87,5.69,21.44,4.63
1274,1934923,0.82,2.49,21.44,4.63
1275,1936425,1.95,5.95,21.44,4.63
1276,1937925,1.66,5.07,21.44,4.63
1277,1939425,1.96,5.96,21.44,4.64
1278,1940924,1.94,5.92,21.44,4.63
1279,1942423,1.93,5.87,21.44,4.63
1280,1943922,1.90,5.80,21.44,4.63
1281,1945422,1.90,5.78,21.44,4.63
1282,1946921,1.70,5.19,21.44,4.63
1283,1948421,1.87,5.69,21.44,4.63
1284,1949920,1.89,5.77,21.44,4.63
1285,1951419,2.54,7.75,21.44,4.64
1286,1953027,1.91,5.83,21.44,4.65
1287,1954526,1.68,5.11,21.44,4.63
1288,1956026,1.90,5.78,21.44,4.63
1289,1957528,1.81,5.52,21.44,4.64
1290,1959027,1.91,5.81,21.44,4.64
1291,1960635,1.22,3.71,21.44,4.63
1292,1962134,1.77,5.41,21.44,4.63
1293,1963633,1.79,5.46,21.44,4.63
1294,1965132,1.96,5.99,21.44,4.64
1295,1966740,1.97,6.01,21.44,4.64
1296,1968239,1.45,4.43,21.44,4.66
1297,1969847,2.98,9.08,21.44,4.63
1298,1971454,2.67,8.15,21.44,4.63
1299,1972954,3.10,9.47,21.44,4.63
1300,1974561,1.91,5.81,21.44,4.64
1301,1976169,2.95,9.00,21.44,4.66
1302,1977668,1.52,4.64,21.44,4.62
1303,1979167,1.66,5.07,21.44,4.64
1304,1980669,1.12,3.43,21.44,4.68
1305,1982169,2.83,8.63,21.44,4.60
1306,1983776,1.91,5.83,21.44,4.62
1307,1985275,2.18,6.66,21.44,4.63
1308,1986776,1.69,5.14,21.44,4.63
1309,1988275,1.82,5.56,21.44,4.64
1310,1989881,1.95,5.95,21.44,4.63
1311,1991489,1.02,3.10,21.44,4.63
1312,1992988,1.86,5.66,21.44,4.64
1313,1994488,1.79,5.47,21.44,4.65
1314,1995987,1.94,5.90,21.44,4.64
1315,1997487,2.00,6.10,21.44,4.64
1316,1998986,2.48,7.56,21.44,4.64
1317,2000486,2.85,8.71,21.44,4.66
1318,2001985,1.92,5.86,21.44,4.64
1319,2003487,1.11,3.38,21.44,4.64
1320,2004986,1.87,5.69,21.44,4.64
1321,2006486,1.84,5.61,21.44,4.62
1322,2008093,1.84,5.61,21.44,4.65
1323,2009701,1.93,5.89,21.44,4.65
1324,2011200,1.78,5.43,21.44,4.64
1325,2012699,2.20,6.71,21.44,4.64
1326,2014199,1.98,6.04,21.44,4.65
1327,2015698,2.64,8.05,21.44,4.65
1328,2017198,1.93,5.89,21.44,4.63
1329,2018697,1.93,5.87,21.44,4.63
1330,2020196,1.94,5.90,21.44,4.63
1331,2021696,0.62,1.88,21.44,4.63
1332,2023195,1.07,3.26,21.44,4.64
1333,2024805,1.69,5.14,21.44,4.64
1334,2026305,1.56,4.76,21.44,4.64
1335,2027804,1.78,5.44,21.44,4.65
1336,2029303,3.06,9.35,21.44,4.63
1337,2030911,2.49,7.59,21.44,4.67
1338,2032519,1.73,5.26,21.44,4.63
1339,2034018,1.74,5.29,21.44,4.64
1340,2035517,1.91,5.81,21.44,4.64
1341,2037016,1.06,3.22,21.44,4.64
1342,2038516,2.24,6.83,21.44,4.65
1343,2040015,2.35,7.16,21.44,4.62
1344,2041623,2.02,6.16,21.44,4.63
1345,2043122,2.22,6.78,21.44,4.64
1346,2044621,1.83,5.58,21.44,4.63
1347,2046229,2.18,6.65,21.44,4.64
1348,2047839,1.96,5.98,21.44,4.64
1349,2049338,2.17,6.63,21.44,4.63
1350,2050838,1.94,5.90,21.44,4.65
1351,2052337,1.96,5.98,21.44,4.61
1352,2053836,1.98,6.05,21.44,4.65
1353,2055335,2.10,6.40,21.44,4.63
1354,2056836,2.56,7.80,21.44,4.64
1355,2058335,2.51,7.65,21.44,4.64
1356,2059834,1.83,5.59,21.44,4.64
1357,2061442,1.66,5.07,21.44,4.63
1358,2063049,2.10,6.41,21.44,4.63
1359,2064548,2.03,6.20,21.44,4.63
1360,2066156,2.00,6.10,21.44,4.64
1361,2067655,2.08,6.34,21.44,4.64
1362,2069154,0.95,2.89,21.44,4.64
1363,2070765,1.90,5.80,21.44,4.65
1364,2072264,2.00,6.10,21.44,4.64
1365,2073763,1.72,5.23,21.44,4.63
1366,2075262,2.10,6.41,21.44,4.64
1367,2076762,2.56,7.80,21.44,4.63
1368,2078262,0.79,2.40,21.44,4.66
1369,2079761,1.60,4.89,21.44,4.65
1370,2081260,2.22,6.77,21.44,4.64
1371,2082759,2.43,7.41,21.44,4.63
1372,2084259,1.89,5.77,21.44,4.62
1373,2085866,1.68,5.11,21.44,4.67
1374,2087366,2.41,7.36,21.44,4.66
1375,2088973,1.71,5.20,21.44,4.61
1376,2090473,2.18,6.65,21.44,4.63
1377,2091974,1.62,4.95,21.44,4.63
1378,2093474,2.14,6.51,21.44,4.63
1379,2094973,0.90,2.74,21.44,4.62
1380,2096473,2.14,6.53,21.44,4.64
1381,2097972,1.99,6.08,21.44,4.64
1382,2099472,2.85,8.69,21.44,4.63
1383,2101079,2.06,6.28,21.44,4.62
1384,2102579,1.48,4.52,21.44,4.64
1385,2104078,1.87,5.69,21.44,4.63
1386,2105577,2.01,6.14,21.44,4.63
1387,2107076,1.54,4.70,21.44,4.63
1388,2108576,2.45,7.47,21.44,4.64
1389,2110183,2.54,7.75,21.44,4.62
1390,2111683,2.59,7.89,21.44,4.65
1391,2113182,2.84,8.68,21.44,4.64
1392,2114684,1.97,6.02,21.44,4.62
1393,2116184,2.02,6.17,21.44,4.61
1394,2117683,1.43,4.35,21.44,4.66
1395,2119182,0.90,2.76,21.44,4.60
1396,2120790,2.63,8.03,21.44,4.62
1397,2122397,2.10,6.41,21.44,4.59
1398,2124005,3.07,9.38,21.44,4.63
1399,2125612,1.67,5.10,21.44,4.61
1400,2127112,2.10,6.41,21.44,4.61
1401,2128611,1.90,5.78,21.44,4.61
1402,2130110,2.40,7.33,21.44,4.60
1403,2131609,2.77,8.44,21.44,4.61
1404,2133109,2.08,6.34,21.44,4.61
1405,2134608,1.99,6.07,21.44,4.61
1406,2136111,2.07,6.32,21.44,4.61
1407,2137610,2.10,6.41,21.44,4.61
1408,2139109,2.16,6.59,21.44,4.61
1409,2140609,1.68,5.11,21.44,4.61
1410,2142108,2.11,6.42,21.44,4.62
1411,2143607,2.08,6.35,21.44,4.64
1412,2145215,2.38,7.24,21.44,4.62
1413,2146823,2.43,7.42,21.44,4.61
1414,2148322,2.06,6.28,21.44,4.62
1415,2149821,2.06,6.29,21.44,4.61
1416,2151320,3.21,9.78,21.44,4.60
1417,2152928,1.94,5.92,21.44,4.64
1418,2154535,2.56,7.80,21.44,4.61
1419,2156142,2.08,6.34,21.44,4.62
1420,2157642,2.17,6.60,21.44,4.61
1421,2159144,0.92,2.82,21.44,4.62
1422,2160751,2.10,6.40,21.44,4.61
1423,2162359,2.55,7.78,21.44,4.61
1424,2163966,0.73,2.22,21.44,4.61
1425,2165466,2.60,7.92,21.44,4.61
1426,2167073,2.07,6.32,21.44,4.62
1427,2168572,2.25,6.87,21.44,4.62
1428,2170072,2.13,6.50,21.44,4.61
1429,2171572,2.14,6.51,21.44,4.65
1430,2173178,2.05,6.26,21.37,4.63
1431,2174786,2.09,6.37,21.44,4.63
1432,2176285,1.11,3.38,21.37,4.60
1433,2177893,1.89,5.75,21.44,4.61
1434,2179392,2.05,6.26,21.44,4.62
1435,2180892,2.13,6.50,21.37,4.62
1436,2182393,2.67,8.15,21.37,4.62
1437,2184001,2.21,6.74,21.37,4.62
1438,2185500,2.02,6.17,21.37,4.62
1439,2187000,2.07,6.32,21.44,4.62
1440,2188499,2.97,9.05,21.37,4.62
1441,2189999,1.68,5.11,21.37,4.63
1442,2191606,2.33,7.11,21.37,4.61
1443,2193105,2.06,6.28,21.37,4.64
1444,2194605,2.38,7.26,21.37,4.62
1445,2196104,2.04,6.23,21.37,4.62
1446,2197603,2.39,7.30,21.37,4.64
1447,2199103,2.50,7.63,21.37,4.63
1448,2200602,2.07,6.31,21.37,4.62
1449,2202101,2.31,7.05,21.37,4.61
1450,2203603,3.09,9.44,21.44,4.60
1451,2205211,2.08,6.35,21.37,4.62
1452,2206710,1.07,3.26,21.37,4.62
1453,2208318,2.23,6.81,21.37,4.61
1454,2209926,2.65,8.09,21.37,4.61
1455,2211532,2.06,6.28,21.37,4.62
1456,2213140,1.82,5.56,21.37,4.62
1457,2214640,2.02,6.16,21.37,4.62
1458,2216139,2.63,8.02,21.37,4.62
1459,2217638,0.62,1.89,21.37,4.60
1460,2219138,2.07,6.31,21.37,4.62
1461,2220638,2.10,6.40,21.37,4.62
1462,2222137,2.75,8.39,21.37,4.62
1463,2223636,2.59,7.89,21.37,4.59
1464,2225135,2.07,6.32,21.37,4.63
1465,2226746,2.09,6.38,21.37,4.62
1466,2228245,2.44,7.44,21.37,4.62
1467,2229744,0.94,2.86,21.37,4.63
1468,2231352,2.72,8.30,21.37,4.63
1469,2232851,2.07,6.31,21.37,4.62
1470,2234350,2.15,6.54,21.37,4.62
1471,2235850,1.58,4.83,21.37,4.62
1472,2237349,2.47,7.53,21.37,4.61
1473,2238957,2.17,6.62,21.37,4.60
1474,2240456,2.10,6.40,21.37,4.61
1475,2241955,2.58,7.87,21.37,4.62
1476,2243454,2.59,7.89,21.37,4.62
1477,2245062,3.10,9.47,21.37,4.62
1478,2246561,2.27,6.93,21.37,4.61
1479,2248169,1.75,5.34,21.37,4.61
1480,2249671,1.93,5.89,21.37,4.62
1481,2251279,2.43,7.41,21.37,4.62
1482,2252778,2.03,6.20,21.37,4.62
1483,2254277,1.77,5.40,21.37,4.61
1484,2255777,2.18,6.65,21.37,4.62
1485,2257276,2.12,6.45,21.37,4.60
1486,2258776,2.05,6.25,21.37,4.62
1487,2260275,2.22,6.78,21.37,4.62
1488,2261774,2.07,6.32,21.37,4.63
1489,2263274,2.64,8.06,21.37,4.64
1490,2264881,2.82,8.60,21.37,4.63
1491,2266381,1.79,5.47,21.37,4.62
1492,2267880,2.23,6.80,21.37,4.62
1493,2269379,2.97,9.05,21.37,4.63
1494,2270990,2.03,6.20,21.37,4.63
1495,2272489,1.93,5.89,21.37,4.62
1496,2273988,2.04,6.22,21.37,4.61
1497,2275487,2.02,6.16,21.37,4.63
1498,2277095,1.97,6.01,21.37,4.62
1499,2278594,1.91,5.83,21.37,4.62
1500,2280094,2.02,6.16,21.37,4.63
1501,2281593,1.99,6.08,21.37,4.62
1502,2283092,1.60,4.89,21.37,4.63
1503,2284700,2.02,6.17,21.37,4.63
1504,2286199,1.94,5.90,21.37,4.63
1505,2287807,1.08,3.29,21.37,4.62
1506,2289306,2.29,6.98,21.37,4.63
1507,2290805,2.03,6.20,21.37,4.63
1508,2292304,2.50,7.62,21.37,4.63
1509,2293807,2.15,6.56,21.37,4.63
1510,2295307,3.09,9.42,21.37,4.62
1511,2296913,2.01,6.14,21.37,4.63
1512,2298414,1.97,6.02,21.37,4.63
1513,2299913,1.39,4.23,21.37,4.63
1514,2301412,1.96,5.99,21.37,4.63
1515,2303020,2.75,8.38,21.37,4.62
1516,2304519,1.95,5.93,21.37,4.63
1517,2306018,1.95,5.93,21.37,4.62
1518,2307517,1.12,3.41,21.37,4.61
1519,2309017,1.82,5.56,21.37,4.63
1520,2310516,0.73,2.24,21.37,4.64
1521,2312015,2.53,7.72,21.37,4.64
1522,2313515,1.93,5.87,21.37,4.63
1523,2315017,0.90,2.74,21.37,4.63
1524,2316517,2.00,6.10,21.37,4.62
1525,2318016,2.07,6.32,21.37,4.63
1526,2319515,2.26,6.90,21.37,4.63
1527,2321014,2.03,6.20,21.37,4.63
1528,2322513,1.95,5.95,21.37,4.62
1529,2324014,1.94,5.90,21.37,4.62
1530,2325513,1.96,5.98,21.37,4.61
1531,2327012,1.84,5.62,21.37,4.63
1532,2328511,2.09,6.37,21.37,4.63
1533,2330011,2.22,6.77,21.37,4.62
1534,2331510,1.95,5.93,21.37,4.64
1535,2333009,1.59,4.86,21.37,4.63
1536,2334509,2.48,7.57,21.37,4.63
1537,2336116,0.93,2.83,21.37,4.65
1538,2337618,1.93,5.87,21.37,4.64
1539,2339118,2.26,6.89,21.37,4.65
1540,2340618,1.96,5.96,21.37,4.63
1541,2342117,2.00,6.11,21.37,4.64
1542,2343616,2.93,8.93,21.37,4.62
1543,2345115,2.84,8.68,21.37,4.62
1544,2346723,1.43,4.37,21.37,4.63
1545,2348222,1.83,5.58,21.37,4.63
1546,2349722,1.99,6.08,21.37,4.64
1547,2351329,1.94,5.92,21.37,4.64
1548,2352828,2.20,6.71,21.37,4.62
1549,2354328,2.01,6.14,21.37,4.63
1550,2355827,1.55,4.74,21.37,4.61
1551,2357435,1.97,6.02,21.37,4.63
1552,2359042,1.98,6.04,21.37,4.63
1553,2360652,2.19,6.69,21.37,4.62
1554,2362151,0.85,2.59,21.37,4.61
1555,2363759,1.21,3.70,21.37,4.60
1556,2365367,1.50,4.56,21.37,4.62
1557,2366973,1.80,5.49,21.37,4.63
1558,2368474,2.27,6.93,21.37,4.62
1559,2369973,1.76,5.38,21.37,4.63
1560,2371472,2.74,8.36,21.37,4.61
1561,2372971,2.00,6.10,21.37,4.62
1562,2374470,2.12,6.45,21.37,4.62
1563,2375970,1.88,5.72,21.37,4.62
1564,2377469,1.17,3.58,21.37,4.60
1565,2379077,3.26,9.96,21.37,4.62
1566,2380576,1.99,6.07,21.37,4.62
1567,2382073,2.03,6.19,21.37,4.62
1568,2383572,1.66,5.05,21.37,4.62
1569,2385073,2.05,6.26,21.37,4.63
1570,2386572,3.12,9.51,21.37,4.61
1571,2388179,0.59,1.80,21.37,4.61
1572,2389786,0.85,2.59,21.37,4.62
1573,2391394,2.00,6.10,21.37,4.63
1574,2392893,2.01,6.14,21.37,4.62
1575,2394392,2.11,6.42,21.37,4.62
1576,2395892,1.96,5.98,21.37,4.63
1577,2397391,1.02,3.10,21.31,4.63
1578,2398999,1.63,4.98,21.37,4.60
1579,2400606,1.99,6.08,21.37,4.64
1580,2402106,1.85,5.65,21.37,4.62
1581,2403605,2.02,6.17,21.37,4.62
1582,2405107,1.98,6.04,21.37,4.63
1583,2406606,1.66,5.07,21.31,4.63
1584,2408105,2.20,6.72,21.37,4.62
1585,2409606,0.92,2.80,21.37,4.62
1586,2411105,2.01,6.13,21.37,4.62
1587,2412604,2.03,6.20,21.37,4.62
1588,2414103,2.47,7.54,21.31,4.63
1589,2415711,1.99,6.08,21.37,4.63
1590,2417210,2.02,6.17,21.31,4.62
1591,2418818,1.99,6.08,21.37,4.63
1592,2420317,1.93,5.89,21.37,4.63
1593,2421816,2.73,8.32,21.31,4.61
1594,2423316,2.14,6.53,21.37,4.64
1595,2424815,2.01,6.13,21.37,4.63
1596,2426314,2.42,7.38,21.31,4.63
1597,2427816,1.43,4.35,21.37,4.62
1598,2429316,2.02,6.16,21.37,4.63
1599,2430816,1.96,5.98,21.37,4.63
1600,2432315,3.09,9.42,21.31,4.61
1601,2433814,2.79,8.51,21.37,4.63
1602,2435313,1.58,4.83,21.31,4.63
1603,2436813,1.95,5.95,21.31,4.63
1604,2438312,2.04,6.23,21.31,4.62
1605,2439920,1.94,5.92,21.37,4.63
1606,2441419,1.99,6.08,21.31,4.63
1607,2443027,1.99,6.07,21.31,4.63
1608,2444526,2.04,6.23,21.37,4.63
1609,2446025,1.74,5.29,21.31,4.63
1610,2447524,0.82,2.49,21.31,4.64
1611,2449027,2.17,6.63,21.31,4.63
1612,2450527,0.87,2.64,21.31,4.61
1613,2452026,1.68,5.13,21.31,4.61
1614,2453525,2.00,6.11,21.31,4.63
1615,2455024,1.80,5.49,21.31,4.62
1616,2456632,2.04,6.23,21.31,4.61
1617,2458131,2.07,6.31,21.31,4.60
1618,2459739,2.05,6.25,21.31,4.62
1619,2461238,2.32,7.08,21.31,4.62
1620,2462737,2.08,6.34,21.31,4.63
1621,2464237,1.40,4.28,21.31,4.62
1622,2465844,2.05,6.25,21.31,4.62
1623,2467343,2.07,6.31,21.31,4.62
1624,2468843,2.20,6.72,21.31,4.62
1625,2470342,1.82,5.56,21.31,4.61
1626,2471952,2.07,6.32,21.31,4.62
1627,2473452,2.08,6.35,21.31,4.62
1628,2474951,2.11,6.42,21.31,4.62
1629,2476450,2.67,8.15,21.31,4.65
1630,2478058,2.40,7.33,21.31,4.64
1631,2479557,2.30,7.02,21.31,4.62
1632,2481056,2.13,6.48,21.31,4.62
1633,2482555,2.24,6.84,21.31,4.62
1634,2484056,3.15,9.62,21.31,4.60
1635,2485555,2.07,6.31,21.31,4.62
1636,2487054,1.97,6.01,21.31,4.62
1637,2488553,0.92,2.80,21.31,4.64
1638,2490161,2.17,6.63,21.31,4.60
1639,2491660,1.87,5.69,21.31,4.61
1640,2493159,2.13,6.48,21.31,4.61
1641,2494661,3.17,9.66,21.31,4.61
1642,2496269,0.99,3.01,21.31,4.61
1643,2497768,2.36,7.20,21.31,4.61
1644,2499267,2.08,6.35,21.31,4.62
1645,2500875,2.14,6.53,21.31,4.62
1646,2502374,1.57,4.79,21.31,4.60
1647,2503982,1.73,5.28,21.31,4.61
1648,2505481,2.13,6.48,21.31,4.62
1649,2506981,2.49,7.59,21.31,4.62
1650,2508480,3.02,9.21,21.31,4.61
1651,2510088,2.11,6.44,21.31,4.62
1652,2511587,3.26,9.94,21.31,4.63
1653,2513086,1.89,5.77,21.31,4.62
1654,2514585,1.89,5.77,21.31,4.61
1655,2516087,2.62,8.01,21.31,4.62
1656,2517587,1.95,5.93,21.31,4.63
1657,2519087,2.11,6.44,21.31,4.62
1658,2520586,2.80,8.54,21.31,4.61
1659,2522193,2.18,6.65,21.31,4.61
1660,2523693,2.93,8.94,21.31,4.62
1661,2525300,2.12,6.47,21.31,4.61
1662,2526799,2.15,6.56,21.31,4.62
1663,2528299,2.29,6.98,21.31,4.61
1664,2529799,2.66,8.11,21.31,4.60
1665,2531298,2.62,7.99,21.31,4.60
1666,2532797,0.90,2.74,21.31,4.60
1667,2534405,2.85,8.69,21.31,4.62
1668,2535904,1.93,5.87,21.31,4.60
1669,2537403,2.27,6.93,21.31,4.60
1670,2538905,2.40,7.33,21.31,4.61
1671,2540404,2.40,7.32,21.31,4.59
1672,2541904,2.21,6.75,21.31,4.59
1673,2543404,1.93,5.87,21.31,4.60
1674,2545011,2.87,8.77,21.31,4.58
1675,2546618,3.44,10.49,21.31,4.61
1676,2548119,2.25,6.87,21.31,4.58
1677,2549618,2.21,6.75,21.31,4.58
1678,2551117,2.39,7.27,21.31,4.57
1679,2552616,2.29,6.98,21.31,4.55
1680,2554117,2.70,8.23,21.31,4.57
1681,2555723,2.58,7.87,21.31,4.57
1682,2557223,2.31,7.04,21.31,4.56
1683,2558723,2.32,7.07,21.31,4.57
1684,2560220,2.33,7.11,21.31,4.56
1685,2561719,2.35,7.16,21.31,4.56
1686,2563326,1.81,5.52,21.31,4.56
1687,2564826,2.27,6.93,21.31,4.56
1688,2566325,2.93,8.94,21.31,4.55
1689,2567932,2.35,7.17,21.31,4.57
1690,2569432,2.57,7.83,21.31,4.56
1691,2571039,2.43,7.42,21.31,4.55
1692,2572538,2.33,7.11,21.31,4.55
1693,2574038,1.96,5.98,21.31,4.55
1694,2575538,3.48,10.60,21.31,4.55
1695,2577145,2.36,7.19,21.31,4.55
1696,2578646,2.38,7.24,21.31,4.55
1697,2580145,2.45,7.48,21.31,4.54
1698,2581644,1.33,4.07,21.31,4.54
1699,2583255,2.21,6.75,21.31,4.54
1700,2584754,2.46,7.51,21.31,4.54
1701,2586253,2.53,7.71,21.31,4.54
1702,2587752,2.59,7.90,21.31,4.53
1703,2589252,2.35,7.17,21.31,4.54
1704,2590751,2.37,7.23,21.31,4.55
1705,2592250,2.35,7.17,21.31,4.51
1706,2593750,2.00,6.11,21.31,4.54
1707,2595250,2.42,7.39,21.31,4.54
1708,2596749,3.43,10.45,21.31,4.54
1709,2598249,2.35,7.17,21.31,4.54
1710,2599748,2.36,7.20,21.31,4.54
1711,2601248,2.35,7.17,21.31,4.54
1712,2602747,3.64,11.09,21.31,4.56
1713,2604356,1.91,5.81,21.31,4.55
1714,2605858,1.96,5.96,21.37,4.54
1715,2607465,2.35,7.16,21.37,4.56
1716,2608965,2.94,8.96,21.31,4.53
1717,2610464,2.32,7.08,21.31,4.54
1718,2611963,2.59,7.90,21.31,4.54
1719,2613463,1.78,5.43,21.31,4.57
1720,2615070,2.60,7.93,21.37,4.54
1721,2616569,2.11,6.44,21.31,4.55
1722,2618068,3.19,9.73,21.31,4.56
1723,2619676,2.39,7.27,21.31,4.53
1724,2621175,2.36,7.19,21.37,4.54
1725,2622675,2.35,7.16,21.31,4.54
1726,2624175,2.15,6.54,21.31,4.56
1727,2625782,2.40,7.32,21.37,4.54
1728,2627284,2.16,6.57,21.31,4.54
1729,2628784,3.29,10.05,21.31,4.56
1730,2630284,1.67,5.08,21.37,4.53
1731,2631783,2.39,7.29,21.31,4.54
1732,2633283,2.57,7.84,21.31,4.54
1733,2634782,3.44,10.49,21.37,4.54
1734,2636391,2.37,7.22,21.31,4.54
1735,2637890,2.14,6.53,21.37,4.56
1736,2639389,2.62,8.01,21.37,4.54
1737,2640888,2.39,7.29,21.31,4.53
1738,2642388,1.07,3.25,21.31,4.53
1739,2643888,2.36,7.20,21.31,4.54
1740,2645387,2.24,6.83,21.37,4.55
1741,2646886,2.73,8.33,21.31,4.55
1742,2648386,3.59,10.96,21.31,4.53
1743,2649997,2.58,7.86,21.31,4.55
1744,2651496,2.50,7.62,21.31,4.55
1745,2653104,3.61,11.00,21.31,4.57
1746,2654604,2.81,8.57,21.31,4.54
1747,2656104,2.54,7.74,21.37,4.56
1748,2657603,2.03,6.20,21.31,4.54
1749,2659211,3.46,10.55,21.31,4.54
1750,2660711,2.33,7.11,21.31,4.54
1751,2662210,2.31,7.05,21.37,4.55
1752,2663709,3.27,9.97,21.31,4.54
1753,2665209,2.61,7.95,21.31,4.53
1754,2666708,2.41,7.36,21.31,4.56
1755,2668208,3.20,9.76,21.31,4.51
1756,2669707,3.33,10.17,21.31,4.54
1757,2671319,2.80,8.53,21.37,4.55
1758,2672818,2.38,7.26,21.37,4.55
1759,2674317,2.34,7.14,21.37,4.55
1760,2675816,2.33,7.10,21.37,4.55
1761,2677316,2.26,6.89,21.31,4.55
1762,2678815,2.33,7.10,21.37,4.54
1763,2680314,1.39,4.23,21.31,4.54
1764,2681922,2.90,8.85,21.31,4.55
1765,2683421,2.31,7.04,21.31,4.55
1766,2684920,3.20,9.76,21.37,4.55
1767,2686528,2.84,8.66,21.31,4.57
1768,2688136,2.32,7.08,21.37,4.56
1769,2689635,2.06,6.29,21.37,4.56
1770,2691134,2.36,7.19,21.31,4.56
1771,2692634,2.43,7.41,21.37,4.56
1772,2694136,2.36,7.19,21.31,4.57
1773,2695635,2.42,7.39,21.37,4.56
1774,2697243,2.19,6.68,21.31,4.56
1775,2698742,1.20,3.67,21.37,4.56
1776,2700350,2.56,7.81,21.37,4.55
1777,2701957,1.55,4.74,21.37,4.57
1778,2703457,2.33,7.11,21.37,4.55
1779,2704956,2.04,6.22,21.37,4.55
1780,2706564,2.62,8.01,21.37,4.57
1781,2708063,2.31,7.04,21.37,4.55
1782,2709670,2.31,7.05,21.37,4.56
1783,2711170,3.31,10.11,21.31,4.60
1784,2712670,2.08,6.35,21.37,4.55
1785,2714169,2.36,7.19,21.37,4.59
1786,2715671,2.83,8.65,21.37,4.61
1787,2717171,2.31,7.04,21.37,4.55
1788,2718670,1.97,6.01,21.37,4.56
1789,2720278,1.27,3.88,21.37,4.53
1790,2721885,3.42,10.42,21.37,4.52
1791,2723386,2.49,7.60,21.37,4.55
1792,2724885,2.72,8.29,21.37,4.55
1793,2726384,3.53,10.76,21.37,4.54
1794,2727993,2.32,7.07,21.37,4.56
1795,2729492,2.35,7.17,21.37,4.56
1796,2730991,2.41,7.36,21.37,4.56
1797,2732491,2.40,7.32,21.37,4.56
1798,2733990,2.36,7.19,21.31,4.56
1799,2735490,2.33,7.10,21.37,4.56
1800,2736989,2.32,7.07,21.37,4.56
1801,2738491,2.76,8.41,21.37,4.54
1802,2740099,2.34,7.13,21.31,4.56
1803,2741598,2.32,7.07,21.37,4.55
1804,2743098,2.45,7.47,21.37,4.55
1805,2744597,2.31,7.04,21.37,4.55
1806,2746096,1.47,4.47,21.37,4.55
1807,2747595,2.35,7.17,21.37,4.55
1808,2749094,3.35,10.21,21.37,4.55
1809,2750596,2.35,7.17,21.37,4.55
1810,2752095,2.32,7.08,21.37,4.55
1811,2753594,2.54,7.75,21.37,4.56
1812,2755093,1.45,4.43,21.37,4.53
1813,2756593,1.89,5.77,21.37,4.51
1814,2758092,2.28,6.96,21.37,4.54
1815,2759591,2.83,8.62,21.37,4.55
1816,2761094,2.63,8.03,21.37,4.51
1817,2762593,2.36,7.19,21.37,4.55
1818,2764093,3.35,10.23,21.31,4.50
1819,2765593,2.56,7.81,21.37,4.57
1820,2767201,2.33,7.10,21.37,4.55
1821,2768700,2.28,6.95,21.37,4.55
1822,2770199,2.33,7.10,21.37,4.56
1823,2771807,2.49,7.59,21.31,4.56
1824,2773306,2.37,7.22,21.31,4.56
1825,2774805,2.31,7.04,21.31,4.55
1826,2776305,1.98,6.04,21.37,4.56
1827,2777912,2.02,6.16,21.37,4.56
1828,2779412,2.15,6.54,21.37,4.55
1829,2780911,1.86,5.68,21.37,4.56
1830,2782413,2.54,7.75,21.37,4.54
1831,2783912,2.34,7.14,21.37,4.56
1832,2785412,2.37,7.22,21.37,4.57
1833,2787019,2.32,7.07,21.37,4.56
1834,2788518,1.54,4.71,21.37,4.56
1835,2790018,2.33,7.11,21.37,4.56
1836,2791518,1.20,3.65,21.37,4.58
1837,2793017,1.03,3.13,21.37,4.56
1838,2794625,2.77,8.45,21.37,4.57
1839,2796124,2.46,7.50,21.37,4.56
1840,2797623,2.39,7.27,21.37,4.55
1841,2799122,3.51,10.70,21.37,4.54
1842,2800731,1.15,3.50,21.37,4.53
1843,2802230,2.11,6.44,21.37,4.55
1844,2803729,2.17,6.60,21.37,4.56
1845,2805231,2.34,7.13,21.37,4.57
1846,2806839,2.00,6.11,21.37,4.57
1847,2808446,2.15,6.54,21.37,4.58
1848,2809946,2.19,6.68,21.37,4.55
1849,2811445,1.94,5.92,21.37,4.55
1850,2812945,1.19,3.62,21.37,4.56
1851,2814444,2.17,6.60,21.37,4.54
1852,2816052,2.13,6.48,21.37,4.54
1853,2817658,2.01,6.13,21.37,4.55
1854,2819158,2.32,7.08,21.37,4.57
1855,2820658,2.32,7.07,21.37,4.56
1856,2822157,2.38,7.26,21.37,4.56
1857,2823656,1.82,5.56,21.37,4.54
1858,2825264,2.86,8.74,21.37,4.56
1859,2826766,2.61,7.96,21.37,4.56
1860,2828265,2.34,7.13,21.37,4.55
1861,2829873,2.29,6.99,21.37,4.56
1862,2831372,2.70,8.23,21.37,4.55
1863,2832871,2.11,6.44,21.37,4.56
1864,2834371,2.49,7.59,21.37,4.57
1865,2835870,1.02,3.12,21.37,4.58
1866,2837369,1.70,5.19,21.37,4.57
1867,2838977,2.31,7.05,21.37,4.57
1868,2840476,2.03,6.19,21.37,4.56
1869,2841975,2.33,7.11,21.37,4.57
1870,2843474,2.80,8.54,21.37,4.57
1871,2845082,2.66,8.11,21.37,4.55
1872,2846690,1.46,4.46,21.37,4.57
1873,2848189,2.28,6.96,21.37,4.55
1874,2849800,2.79,8.51,21.37,4.57
1875,2851299,2.65,8.08,21.37,4.55
1876,2852907,3.11,9.48,21.37,4.57
1877,2854406,2.27,6.92,21.37,4.57
1878,2855905,2.47,7.54,21.37,4.58
1879,2857404,2.32,7.08,21.37,4.57
1880,2858903,2.32,7.07,21.37,4.57
1881,2860403,3.00,9.14,21.37,4.58
1882,2861902,1.99,6.08,21.37,4.57
1883,2863401,1.58,4.83,21.37,4.57
1884,2864901,2.24,6.84,21.37,4.57
1885,2866401,1.83,5.59,21.37,4.60
1886,2868007,2.31,7.04,21.37,4.57
1887,2869507,2.16,6.57,21.37,4.58
1888,2871007,2.28,6.96,21.37,4.58
1889,2872509,2.49,7.60,21.37,4.57
1890,2874008,1.93,5.89,21.37,4.58
1891,2875507,2.29,6.98,21.37,4.58
1892,2877006,1.71,5.22,21.37,4.57
1893,2878505,2.24,6.83,21.37,4.58
1894,2880005,3.06,9.33,21.37,4.58
1895,2881505,1.77,5.40,21.37,4.58
1896,2883004,2.48,7.57,21.37,4.58
1897,2884503,2.03,6.19,21.37,4.57
1898,2886002,2.35,7.16,21.37,4.58
1899,2887502,2.36,7.20,21.37,4.58
1900,2889001,2.24,6.83,21.37,4.58
1901,2890501,2.21,6.74,21.37,4.58
1902,2892000,2.18,6.66,21.37,4.58
1903,2893497,2.24,6.83,21.37,4.59
1904,2894997,2.22,6.78,21.37,4.58
1905,2896496,2.18,6.65,21.37,4.58
1906,2897995,2.33,7.10,21.37,4.57
1907,2899494,2.31,7.05,21.37,4.58
1908,2900994,1.77,5.40,21.37,4.57
1909,2902601,1.09,3.34,21.37,4.57
1910,2904100,2.25,6.87,21.37,4.57
1911,2905600,2.38,7.24,21.37,4.58
1912,2907099,2.17,6.62,21.37,4.57
1913,2908599,2.96,9.02,21.37,4.57
1914,2910098,2.78,8.47,21.37,4.57
1915,2911597,2.23,6.81,21.37,4.57
1916,2913096,2.10,6.40,21.37,4.57
1917,2914595,3.24,9.88,21.37,4.56
1918,2916214,1.21,3.70,21.37,4.58
1919,2917713,2.29,6.98,21.37,4.57
1920,2919213,2.47,7.53,21.37,4.57
1921,2920713,3.16,9.64,21.37,4.55
1922,2922319,2.64,8.05,21.37,4.58
1923,2923820,2.55,7.77,21.37,4.57
1924,2925319,3.02,9.20,21.37,4.58
1925,2926818,3.02,9.21,21.37,4.58
1926,2928318,2.25,6.87,21.37,4.57
1927,2929817,2.25,6.87,21.37,4.57
1928,2931316,1.03,3.13,21.37,4.55
1929,2932815,1.86,5.68,21.37,4.57
1930,2934316,2.22,6.78,21.37,4.57
1931,2935815,2.32,7.08,21.37,4.57
1932,2937422,1.29,3.92,21.37,4.58
1933,2939032,2.25,6.86,21.37,4.57
1934,2940532,2.24,6.84,21.37,4.57
1935,2942031,2.25,6.87,21.37,4.57
1936,2943531,2.30,7.02,21.37,4.57
1937,2945030,2.98,9.09,21.37,4.57
1938,2946637,2.68,8.17,21.37,4.55
1939,2948136,2.48,7.57,21.37,4.55
1940,2949744,2.47,7.53,21.37,4.56
1941,2951243,2.14,6.51,21.37,4.56
1942,2952743,3.21,9.79,21.37,4.56
1943,2954243,2.49,7.59,21.37,4.56
1944,2955742,2.32,7.08,21.37,4.57
1945,2957241,3.13,9.56,21.37,4.56
1946,2958741,2.42,7.38,21.37,4.56
1947,2960243,2.30,7.01,21.37,4.56
1948,2961851,1.24,3.79,21.37,4.55
1949,2963350,2.47,7.53,21.37,4.55
1950,2964849,1.81,5.53,21.37,4.56
1951,2966457,2.66,8.12,21.37,4.55
1952,2967956,2.29,6.99,21.37,4.56
1953,2969455,2.00,6.11,21.37,4.56
1954,2970955,3.48,10.61,21.37,4.53
1955,2972563,2.30,7.02,21.31,4.55
1956,2974063,2.27,6.92,21.37,4.55
1957,2975562,3.08,9.39,21.37,4.57
1958,2977061,2.30,7.02,21.37,4.55
1959,2978561,2.24,6.83,21.37,4.57
1960,2980061,2.20,6.72,21.37,4.55
1961,2981560,2.75,8.38,21.37,4.56
1962,2983170,2.64,8.05,21.37,4.57
1963,2984669,1.07,3.26,21.37,4.57
1964,2986169,2.26,6.90,21.37,4.57
1965,2987668,2.40,7.33,21.37,4.57
1966,2989167,1.48,4.50,21.37,4.57
1967,2990666,2.27,6.93,21.37,4.55
1968,2992274,2.21,6.75,21.37,4.56
1969,2993882,2.92,8.90,21.37,4.57
1970,2995381,2.07,6.31,21.37,4.57
1971,2996880,2.31,7.05,21.37,4.57
1972,2998380,2.31,7.04,21.37,4.58
1973,2999879,2.27,6.93,21.37,4.57
1974,3001378,2.18,6.66,21.37,4.57
1975,3002877,2.16,6.59,21.37,4.57
1976,3004380,1.40,4.26,21.37,4.54
1977,3005880,1.53,4.67,21.37,4.56
1978,3007486,2.93,8.94,21.37,4.57
1979,3008987,2.43,7.42,21.37,4.55
1980,3010486,2.24,6.84,21.37,4.56
1981,3011985,2.22,6.78,21.37,4.57
1982,3013484,2.07,6.31,21.37,4.56
1983,3015092,1.31,4.00,21.37,4.57
1984,3016591,2.55,7.78,21.37,4.57
1985,3018199,1.98,6.05,21.31,4.55
1986,3019806,2.23,6.81,21.37,4.57
1987,3021305,2.26,6.89,21.37,4.57
1988,3022806,2.75,8.38,21.31,4.58
1989,3024412,3.35,10.21,21.37,4.58
1990,3026021,2.27,6.92,21.37,4.58
1991,3027523,2.00,6.11,21.31,4.60
1992,3029022,2.60,7.93,21.37,4.57
1993,3030630,1.97,6.01,21.37,4.58
1994,3032238,3.41,10.39,21.37,4.59
1995,3033846,2.50,7.62,21.31,4.58
1996,3035345,2.56,7.80,21.37,4.59
1997,3036845,3.27,9.99,21.37,4.59
1998,3038452,2.23,6.80,21.31,4.59
1999,3039951,3.15,9.62,21.37,4.59
2000,3041559,2.26,6.89,21.37,4.59
2001,3043058,2.10,6.40,21.37,4.58
2002,3044557,2.24,6.83,21.37,4.60
2003,3046165,2.28,6.96,21.37,4.59
2004,3047665,2.09,6.37,21.37,4.58
2005,3049164,2.24,6.84,21.37,4.58
2006,3050667,3.28,10.00,21.37,4.59
2007,3052167,2.29,6.99,21.37,4.59
2008,3053666,2.31,7.04,21.37,4.58
2009,3055166,1.63,4.96,21.37,4.58
2010,3056665,2.23,6.80,21.37,4.59
2011,3058164,2.66,8.11,21.37,4.58
2012,3059663,3.06,9.35,21.37,4.58
2013,3061271,2.93,8.94,21.37,4.58
2014,3062879,2.78,8.48,21.37,4.57
2015,3064486,2.24,6.84,21.37,4.59
2016,3065986,2.48,7.56,21.37,4.58
2017,3067485,2.33,7.11,21.37,4.58
2018,3069092,2.26,6.90,21.37,4.59
2019,3070592,1.96,5.96,21.37,4.60
2020,3072094,2.21,6.75,21.37,4.57
2021,3073701,2.94,8.96,21.37,4.60
2022,3075309,2.24,6.83,21.31,4.59
2023,3076916,2.85,8.71,21.37,4.59
2024,3078523,1.65,5.04,21.31,4.58
2025,3080023,2.57,7.83,21.31,4.59
2026,3081523,3.20,9.76,21.37,4.60
2027,3083129,2.22,6.77,21.31,4.57
2028,3084630,2.92,8.90,21.37,4.54
2029,3086129,1.98,6.04,21.31,4.58
2030,3087628,1.43,4.35,21.37,4.61
2031,3089127,0.97,2.97,21.37,4.65
2032,3090627,2.23,6.81,21.37,4.60
2033,3092126,2.43,7.41,21.37,4.59
2034,3093734,2.35,7.16,21.31,4.59
2035,3095236,1.95,5.95,21.37,4.59
2036,3096735,2.44,7.44,21.37,4.58
2037,3098234,2.00,6.11,21.37,4.58
2038,3099734,1.73,5.26,21.37,4.58
2039,3101341,2.25,6.86,21.31,4.59
2040,3102840,1.24,3.79,21.37,4.57
2041,3104448,2.49,7.59,21.37,4.59
2042,3105947,2.13,6.50,21.37,4.60
2043,3107446,2.24,6.83,21.37,4.59
2044,3108945,2.68,8.18,21.37,4.60
2045,3110446,1.19,3.62,21.37,4.59
2046,3111945,2.19,6.69,21.37,4.60
2047,3113444,2.19,6.68,21.37,4.60
2048,3114943,1.91,5.81,21.37,4.60
2049,3116443,1.10,3.37,21.37,4.59
2050,3117945,2.28,6.96,21.31,4.60
2051,3119444,2.27,6.93,21.37,4.60
2052,3120944,2.24,6.83,21.37,4.61
2053,3122443,3.42,10.42,21.37,4.58
2054,3124051,2.18,6.66,21.37,4.62
2055,3125552,1.95,5.93,21.31,4.60
2056,3127051,2.57,7.84,21.37,4.60
2057,3128550,2.22,6.78,21.37,4.62
2058,3130158,3.28,10.02,21.31,4.61
2059,3131766,2.02,6.17,21.37,4.62
2060,3133265,1.84,5.61,21.37,4.61
2061,3134765,2.48,7.57,21.37,4.61
2062,3136372,2.18,6.65,21.37,4.61
2063,3137871,2.35,7.16,21.37,4.59
2064,3139374,2.13,6.48,21.37,4.61
2065,3140873,2.17,6.63,21.31,4.61
2066,3142373,2.47,7.53,21.31,4.61
2067,3143872,2.56,7.80,21.31,4.62
2068,3145480,3.32,10.14,21.37,4.61
2069,3147088,2.01,6.14,21.31,4.59
2070,3148695,2.25,6.86,21.37,4.60
2071,3150195,2.27,6.93,21.31,4.60
2072,3151694,2.85,8.71,21.37,4.60
2073,3153193,2.14,6.51,21.37,4.61
2074,3154693,2.12,6.47,21.37,4.60
2075,3156192,2.12,6.47,21.37,4.61
2076,3157692,2.14,6.51,21.31,4.62
2077,3159299,2.17,6.63,21.37,4.60
2078,3160798,2.15,6.54,21.37,4.59
2079,3162300,1.18,3.61,21.37,4.61
2080,3163800,1.80,5.49,21.37,4.60
2081,3165299,2.16,6.59,21.37,4.61
2082,3166798,2.17,6.60,21.37,4.61
2083,3168297,1.96,5.99,21.31,4.59
2084,3169905,1.49,4.53,21.31,4.60
2085,3171404,2.16,6.57,21.37,4.61
2086,3172903,2.43,7.41,21.31,4.61
2087,3174404,1.02,3.10,21.31,4.60
2088,3175903,0.92,2.82,21.31,4.62
2089,3177402,2.11,6.42,21.37,4.61
2090,3178901,1.70,5.17,21.37,4.61
2091,3180483,0.71,2.18,21.37,4.61
2092,3182091,1.16,3.55,21.37,4.61
2093,3183700,2.13,6.50,21.37,4.61
2094,3185200,0.78,2.37,21.37,4.60
2095,3186807,1.99,6.07,21.31,4.63
2096,3188306,1.91,5.83,21.31,4.65
2097,3189807,2.13,6.50,21.37,4.62
2098,3191306,2.17,6.60,21.31,4.62
2099,3192805,2.19,6.69,21.31,4.62
2100,3194304,1.83,5.58,21.37,4.60
2101,3195912,2.11,6.42,21.31,4.61
2102,3197411,2.15,6.56,21.31,4.61
2103,3198911,1.93,5.89,21.31,4.62
2104,3200518,2.13,6.50,21.31,4.61
2105,3202018,2.10,6.41,21.31,4.62
2106,3203517,1.78,5.44,21.37,4.62
2107,3205016,1.41,4.31,21.31,4.62
2108,3206627,1.47,4.49,21.31,4.63
2109,3208126,1.91,5.83,21.31,4.61
2110,3209625,1.88,5.72,21.31,4.62
2111,3211124,1.36,4.16,21.31,4.62
2112,3212732,2.58,7.87,21.31,4.64
2113,3214340,2.05,6.26,21.31,4.61
2114,3215839,2.25,6.86,21.31,4.61
2115,3217338,2.44,7.44,21.31,4.62
2116,3218837,2.98,9.09,21.31,4.62
2117,3220445,2.07,6.32,21.31,4.64
2118,3221944,1.96,5.96,21.31,4.63
2119,3223444,2.02,6.16,21.31,4.63
2120,3224943,1.30,3.97,21.31,4.62
2121,3226551,2.08,6.34,21.31,4.64
2122,3228050,2.06,6.28,21.31,4.62
2123,3229661,2.05,6.25,21.31,4.63
2124,3231160,2.06,6.29,21.31,4.63
2125,3232659,3.11,9.48,21.31,4.60
2126,3234158,1.36,4.16,21.31,4.64
2127,3235657,2.22,6.77,21.31,4.63
2128,3237157,1.75,5.34,21.31,4.63
2129,3238764,2.05,6.25,21.31,4.64
2130,3240372,1.22,3.71,21.31,4.63
2131,3241871,1.20,3.65,21.31,4.63
2132,3243371,2.05,6.26,21.31,4.63
2133,3244870,2.01,6.13,21.31,4.63
2134,3246369,2.80,8.53,21.31,4.62
2135,3247977,0.95,2.91,21.31,4.63
2136,3249585,2.10,6.41,21.31,4.62
2137,3251087,1.96,5.99,21.31,4.63
2138,3252694,2.80,8.53,21.31,4.62
2139,3254301,2.00,6.11,21.31,4.65
2140,3255909,2.00,6.11,21.31,4.62
2141,3257408,1.72,5.25,21.31,4.63
2142,3258907,2.70,8.23,21.31,4.63
2143,3260406,0.78,2.37,21.31,4.63
2144,3262014,0.85,2.59,21.31,4.63
2145,3263513,1.79,5.46,21.31,4.63
2146,3265013,1.89,5.75,21.31,4.63
2147,3266512,2.76,8.42,21.31,4.65
2148,3268012,1.51,4.61,21.31,4.64
2149,3269511,1.98,6.05,21.31,4.63
2150,3271010,2.07,6.31,21.31,4.64
2151,3272510,2.66,8.11,21.31,4.60
2152,3274012,2.23,6.80,21.31,4.63
2153,3275511,2.55,7.78,21.31,4.62
2154,3277010,3.10,9.47,21.31,4.64
2155,3278618,1.23,3.76,21.31,4.63
2156,3280117,1.94,5.92,21.31,4.63
2157,3281616,1.81,5.52,21.31,4.63
2158,3283117,1.38,4.22,21.31,4.64
2159,3284616,3.13,9.56,21.31,4.64
2160,3286115,2.00,6.10,21.31,4.63
2161,3287614,2.05,6.26,21.31,4.64
2162,3289113,2.40,7.32,21.31,4.63
2163,3290613,2.50,7.63,21.31,4.64
2164,3292112,1.67,5.10,21.31,4.63
2165,3293720,1.94,5.90,21.31,4.62
2166,3295222,2.22,6.78,21.31,4.63
2167,3296721,0.74,2.27,21.31,4.64
2168,3298329,2.64,8.06,21.31,4.62
2169,3299828,2.12,6.45,21.31,4.66
2170,3301436,1.90,5.80,21.31,4.64
2171,3302935,2.04,6.22,21.31,4.64
2172,3304434,1.85,5.65,21.31,4.63
2173,3305933,1.97,6.02,21.31,4.65
2174,3307541,1.02,3.10,21.31,4.63
2175,3309040,1.68,5.11,21.31,4.63
2176,3310540,1.84,5.61,21.31,4.65
2177,3312147,1.99,6.08,21.31,4.65
2178,3313647,2.69,8.20,21.31,4.65
2179,3315146,2.34,7.14,21.31,4.65
2180,3316645,1.64,4.99,21.31,4.65
2181,3318148,1.85,5.65,21.31,4.65
2182,3319647,1.88,5.72,21.31,4.67
2183,3321146,1.83,5.58,21.31,4.65
2184,3322646,1.90,5.80,21.31,4.66
2185,3324145,1.89,5.75,21.31,4.63
2186,3325644,2.03,6.19,21.31,4.69
2187,3327143,1.80,5.50,21.31,4.65
2188,3328644,2.29,6.99,21.31,4.63
2189,3330143,3.04,9.29,21.31,4.66
2190,3331750,1.28,3.91,21.31,4.65
2191,3333250,1.93,5.89,21.31,4.64
2192,3334749,0.76,2.33,21.31,4.65
2193,3336248,0.46,1.42,21.31,4.64
2194,3337748,1.77,5.41,21.31,4.65
2195,3339247,1.73,5.26,21.31,4.65
2196,3340749,0.72,2.19,21.31,4.68
2197,3342248,2.21,6.75,21.31,4.64
2198,3343856,1.82,5.55,21.31,4.65
2199,3345355,1.66,5.05,21.31,4.65
2200,3346854,1.23,3.74,21.31,4.66
2201,3348462,1.28,3.89,21.31,4.66
2202,3350070,1.84,5.61,21.31,4.65
2203,3351569,1.57,4.80,21.31,4.65
2204,3353068,1.96,5.99,21.31,4.66
2205,3354567,1.79,5.47,21.31,4.65
2206,3356067,1.81,5.53,21.31,4.66
2207,3357566,2.07,6.31,21.31,4.65
2208,3359066,1.81,5.53,21.31,4.65
2209,3360565,2.64,8.05,21.31,4.68
2210,3362062,2.16,6.57,21.31,4.65
2211,3363562,1.24,3.77,21.31,4.65
2212,3365061,1.74,5.29,21.31,4.65
2213,3366560,1.22,3.73,21.31,4.65
2214,3368059,3.00,9.14,21.31,4.65
2215,3369560,1.55,4.74,21.31,4.66
2216,3371059,1.95,5.93,21.31,4.65
2217,3372558,2.63,8.02,21.31,4.65
2218,3374057,1.16,3.55,21.31,4.66
2219,3375557,2.09,6.37,21.31,4.67
2220,3377056,1.73,5.26,21.31,4.64
2221,3378664,1.85,5.63,21.31,4.65
2222,3380163,2.29,6.99,21.25,4.65
2223,3381662,1.78,5.44,21.31,4.65
2224,3383161,1.41,4.29,21.25,4.62
2225,3384664,1.54,4.70,21.31,4.65
2226,3386163,1.95,5.95,21.31,4.65
2227,3387770,1.77,5.41,21.25,4.65
2228,3389271,1.80,5.50,21.31,4.65
2229,3390770,1.83,5.58,21.31,4.65
2230,3392269,1.70,5.19,21.25,4.65
2231,3393768,1.87,5.69,21.25,4.65
2232,3395267,1.86,5.68,21.25,4.65
2233,3396875,1.81,5.53,21.31,4.64
2234,3398375,2.06,6.29,21.25,4.64
2235,3399982,2.01,6.13,21.25,4.64
2236,3401482,1.71,5.20,21.25,4.64
2237,3402981,2.21,6.74,21.25,4.65
2238,3404589,2.03,6.19,21.25,4.64
2239,3406088,1.34,4.08,21.25,4.64
2240,3407590,1.63,4.98,21.31,4.64
2241,3409089,2.70,8.23,21.25,4.62
2242,3410588,2.98,9.08,21.25,4.64
2243,3412196,2.20,6.72,21.25,4.63
2244,3413695,1.68,5.13,21.31,4.64
2245,3415195,1.86,5.68,21.31,4.64
2246,3416694,1.84,5.62,21.31,4.66
2247,3418193,1.02,3.10,21.31,4.64
2248,3419801,1.90,5.78,21.31,4.63
2249,3421300,1.64,5.01,21.31,4.63
2250,3422799,2.21,6.74,21.31,4.63
2251,3424300,1.89,5.77,21.31,4.63
2252,3425799,2.54,7.75,21.25,4.63
2253,3427298,1.94,5.92,21.31,4.62
2254,3428800,3.23,9.85,21.31,4.63
2255,3430299,1.92,5.84,21.31,4.63
2256,3431799,1.29,3.94,21.31,4.62
2257,3433298,1.91,5.83,21.31,4.63
2258,3434798,1.95,5.93,21.31,4.62
2259,3436297,2.10,6.41,21.25,4.62
2260,3437797,1.98,6.04,21.31,4.62
2261,3439296,2.89,8.83,21.31,4.62
2262,3440795,1.95,5.95,21.31,4.62
2263,3442294,2.04,6.22,21.31,4.62
2264,3443794,1.77,5.40,21.31,4.62
2265,3445294,2.52,7.69,21.31,4.64
2266,3446793,1.98,6.05,21.31,4.62
2267,3448292,1.94,5.90,21.31,4.65
2268,3449792,1.44,4.40,21.31,4.62
2269,3451402,1.99,6.08,21.31,4.62
2270,3452902,2.32,7.08,21.31,4.61
2271,3454401,2.61,7.95,21.31,4.61
2272,3456009,1.99,6.07,21.31,4.60
2273,3457615,1.47,4.49,21.31,4.62
2274,3459223,1.73,5.26,21.31,4.61
2275,3460722,2.06,6.29,21.31,4.62
2276,3462222,1.46,4.46,21.31,4.62
2277,3463829,1.17,3.56,21.31,4.62
2278,3465437,2.14,6.51,21.31,4.62
2279,3466937,1.95,5.93,21.31,4.61
2280,3468436,1.03,3.13,21.31,4.61
2281,3469935,1.97,6.02,21.31,4.64
2282,3471434,2.09,6.37,21.31,4.62
2283,3472934,2.13,6.50,21.31,4.62
2284,3474544,0.73,2.22,21.31,4.61
2285,3476152,1.96,5.98,21.31,4.62
2286,3477651,1.88,5.74,21.31,4.61
2287,3479150,1.86,5.68,21.31,4.62
2288,3480650,1.96,5.98,21.31,4.62
2289,3482149,2.09,6.37,21.31,4.62
2290,3483757,1.97,6.01,21.31,4.63
2291,3485256,1.79,5.47,21.31,4.62
2292,3486755,0.78,2.37,21.31,4.63
2293,3488254,1.94,5.92,21.31,4.61
2294,3489862,1.96,5.99,21.31,4.61
2295,3491361,1.93,5.89,21.31,4.62
2296,3492861,2.30,7.02,21.31,4.63
2297,3494361,2.00,6.10,21.31,4.63
2298,3495863,1.97,6.02,21.31,4.62
2299,3497362,0.97,2.95,21.31,4.63
2300,3498861,1.42,4.34,21.31,4.65
2301,3500469,1.94,5.92,21.31,4.63
2302,3501968,1.86,5.66,21.31,4.62
2303,3503468,1.97,6.02,21.31,4.64
2304,3504967,2.06,6.29,21.31,4.66
2305,3506466,1.95,5.93,21.31,4.63
2306,3507965,2.12,6.45,21.31,4.63
2307,3509466,1.91,5.83,21.31,4.61
2308,3510965,1.93,5.87,21.31,4.60
2309,3512464,1.79,5.47,21.31,4.62
2310,3513963,1.58,4.83,21.31,4.62
2311,3515463,1.95,5.93,21.31,4.61
2312,3516962,1.94,5.90,21.31,4.63
2313,3518465,2.54,7.75,21.31,4.63
2314,3519964,1.42,4.34,21.31,4.66
2315,3521571,1.95,5.95,21.31,4.64
2316,3523179,1.94,5.92,21.31,4.62
2317,3524678,1.72,5.23,21.31,4.62
2318,3526177,1.96,5.96,21.31,4.62
2319,3527676,1.94,5.92,21.31,4.65
2320,3529177,2.38,7.24,21.31,4.63
2321,3530784,2.21,6.74,21.31,4.63
2322,3532391,1.90,5.80,21.31,4.64
2323,3533891,2.00,6.11,21.31,4.63
2324,3535390,1.47,4.47,21.31,4.62
2325,3536889,1.91,5.81,21.31,4.62
2326,3538388,2.30,7.02,21.31,4.65
2327,3539891,1.93,5.87,21.31,4.63
2328,3541391,2.47,7.54,21.31,4.64
2329,3542890,1.94,5.90,21.31,4.62
2330,3544498,1.91,5.81,21.31,4.63
2331,3545997,1.93,5.89,21.31,4.64
2332,3547496,2.02,6.17,21.31,4.62
2333,3548995,1.81,5.52,21.31,4.62
2334,3550495,2.21,6.75,21.31,4.63
2335,3551994,3.07,9.36,21.31,4.63
2336,3553602,1.93,5.89,21.31,4.62
2337,3555209,1.90,5.78,21.31,4.64
2338,3556709,1.90,5.78,21.31,4.62
2339,3558208,2.03,6.19,21.31,4.62
2340,3559707,1.82,5.55,21.31,4.63
2341,3561315,0.57,1.73,21.31,4.62
2342,3562926,1.93,5.89,21.31,4.62
2343,3564425,2.01,6.13,21.31,4.62
2344,3565924,2.66,8.12,21.31,4.62
2345,3567423,1.96,5.98,21.37,4.61
2346,3569031,1.69,5.16,21.31,4.63
2347,3570530,2.22,6.78,21.37,4.63
2348,3572030,2.07,6.32,21.31,4.62
2349,3573529,2.03,6.20,21.37,4.62
2350,3575028,1.95,5.95,21.31,4.64
2351,3576527,2.37,7.23,21.37,4.63
2352,3578135,2.64,8.05,21.31,4.62
2353,3579634,1.95,5.93,21.31,4.62
2354,3581134,0.80,2.43,21.31,4.62
2355,3582633,0.75,2.30,21.31,4.61
2356,3584241,3.02,9.20,21.37,4.62
2357,3585851,1.55,4.74,21.31,4.63
2358,3587350,2.64,8.06,21.37,4.63
2359,3588958,1.87,5.69,21.31,4.63
2360,3590565,1.89,5.75,21.31,4.62
2361,3592065,2.91,8.88,21.31,4.60
2362,3593565,2.12,6.45,21.31,4.63
2363,3595064,1.96,5.98,21.31,4.63
2364,3596563,1.60,4.87,21.31,4.63
2365,3598171,1.50,4.58,21.37,4.59
2366,3599670,1.92,5.84,21.31,4.63
2367,3601169,1.93,5.89,21.37,4.63
2368,3602669,2.02,6.16,21.31,4.63
2369,3604168,2.20,6.72,21.31,4.63
2370,3605667,2.17,6.60,21.37,4.63
2371,3607278,1.96,5.99,21.31,4.62
2372,3608777,1.67,5.08,21.31,4.64
2373,3610276,2.00,6.10,21.31,4.60
2374,3611776,1.91,5.83,21.31,4.63
2375,3613275,1.91,5.83,21.31,4.62
2376,3614775,3.18,9.69,21.31,4.59
2377,3616274,0.91,2.77,21.37,4.61
2378,3617773,1.72,5.23,21.37,4.62
2379,3619272,1.79,5.47,21.31,4.62
2380,3620771,2.65,8.09,21.31,4.66
2381,3622379,0.98,3.00,21.31,4.64
2382,3623878,2.12,6.47,21.37,4.62
2383,3625378,1.96,5.98,21.37,4.61
2384,3626877,1.97,6.01,21.37,4.62
2385,3628377,1.94,5.92,21.37,4.62
2386,3629879,3.14,9.59,21.37,4.64
2387,3631378,1.95,5.93,21.31,4.62
2388,3632878,1.94,5.92,21.37,4.62
2389,3634377,2.14,6.53,21.31,4.62
2390,3635876,2.03,6.20,21.31,4.62
2391,3637377,2.05,6.26,21.37,4.62
2392,3638876,1.95,5.93,21.37,4.61
2393,3640375,1.75,5.35,21.37,4.61
2394,3641874,1.95,5.93,21.37,4.62
2395,3643374,1.96,5.96,21.37,4.61
2396,3644873,1.67,5.08,21.37,4.61
2397,3646372,1.89,5.75,21.37,4.62
2398,3647873,2.08,6.35,21.37,4.62
2399,3649372,1.99,6.08,21.37,4.64
2400,3650871,2.34,7.14,21.37,4.61
2401,3652373,1.74,5.32,21.37,4.62
2402,3653872,2.29,6.98,21.37,4.62
2403,3655480,3.06,9.33,21.37,4.61
2404,3656979,1.96,5.96,21.37,4.61
2405,3658479,1.94,5.92,21.37,4.61
2406,3659978,2.25,6.86,21.37,4.62
2407,3661477,1.68,5.13,21.37,4.62
2408,3662977,1.74,5.31,21.37,4.61
2409,3664477,2.00,6.11,21.37,4.63
2410,3665976,1.63,4.98,21.37,4.63
2411,3667475,1.95,5.95,21.37,4.62
2412,3668974,2.19,6.68,21.37,4.62
2413,3670474,1.18,3.61,21.37,4.62
2414,3672082,2.07,6.32,21.37,4.61
2415,3673584,2.13,6.50,21.37,4.62
2416,3675083,1.95,5.93,21.37,4.62
2417,3676582,1.98,6.05,21.37,4.61
2418,3678190,1.96,5.96,21.37,4.62
2419,3679689,1.69,5.16,21.37,4.63
2420,3681188,1.89,5.77,21.37,4.62
2421,3682689,0.68,2.09,21.37,4.62
2422,3684188,2.01,6.14,21.37,4.62
2423,3685687,2.07,6.32,21.37,4.62
2424,3687186,2.35,7.17,21.37,4.61
2425,3688794,1.94,5.92,21.37,4.65
2426,3690401,0.68,2.07,21.37,4.63
2427,3691900,1.95,5.95,21.37,4.65
2428,3693508,1.96,5.99,21.37,4.62
2429,3695007,2.27,6.93,21.37,4.62
2430,3696509,0.81,2.46,21.37,4.63
2431,3698009,1.96,5.96,21.37,4.63
2432,3699509,2.17,6.60,21.37,4.62
2433,3701008,2.23,6.81,21.37,4.62
2434,3702507,2.50,7.62,21.37,4.62
2435,3704006,1.86,5.66,21.37,4.61
2436,3705506,1.99,6.07,21.37,4.62
2437,3707005,2.36,7.19,21.37,4.62
2438,3708505,2.86,8.74,21.37,4.60
2439,3710004,2.16,6.59,21.37,4.62
2440,3711504,1.96,5.96,21.37,4.62
2441,3713003,1.92,5.84,21.37,4.63
2442,3714502,1.96,5.96,21.37,4.63
2443,3716001,1.06,3.23,21.37,4.62
2444,3717505,1.99,6.07,21.37,4.62
2445,3719004,2.24,6.84,21.37,4.63
2446,3720503,1.98,6.04,21.37,4.61
2447,3722002,2.24,6.83,21.37,4.62
2448,3723502,1.71,5.20,21.37,4.62
2449,3725001,1.86,5.66,21.37,4.62
2450,3726609,2.00,6.11,21.37,4.61
2451,3728216,2.84,8.66,21.37,4.62
2452,3729823,1.96,5.98,21.37,4.63
2453,3731322,1.96,5.99,21.37,4.63
2454,3732823,2.04,6.22,21.37,4.62
2455,3734322,2.04,6.23,21.37,4.62
2456,3735821,1.73,5.26,21.37,4.63
2457,3737320,1.99,6.07,21.37,4.63
2458,3738820,2.21,6.75,21.37,4.63
2459,3740322,1.99,6.08,21.37,4.63
2460,3741821,1.92,5.84,21.37,4.64
2461,3743429,2.78,8.48,21.37,4.62
2462,3744928,2.83,8.65,21.37,4.65
2463,3746536,1.96,5.99,21.37,4.62
2464,3748035,1.64,4.99,21.37,4.62
2465,3749534,1.13,3.44,21.37,4.64
2466,3751142,1.90,5.78,21.37,4.65
2467,3752750,0.76,2.31,21.37,4.64
2468,3754356,1.73,5.28,21.37,4.66
2469,3755964,2.71,8.26,21.37,4.63
2470,3757464,2.12,6.45,21.37,4.63
2471,3758963,1.86,5.66,21.37,4.63
2472,3760462,1.83,5.59,21.37,4.63
2473,3761961,2.81,8.57,21.37,4.61
2474,3763572,2.11,6.44,21.37,4.63
2475,3765071,1.92,5.84,21.37,4.63
2476,3766571,1.92,5.84,21.37,4.64
2477,3768071,0.59,1.79,21.37,4.61
2478,3769570,1.97,6.01,21.37,4.63
2479,3771069,2.10,6.40,21.37,4.63
2480,3772568,1.98,6.04,21.37,4.64
2481,3774067,0.73,2.22,21.37,4.64
2482,3775567,1.95,5.93,21.37,4.63
2483,3777067,2.12,6.45,21.37,4.63
2484,3778566,2.65,8.09,21.37,4.64
2485,3780066,3.00,9.14,21.37,4.63
2486,3781565,1.88,5.72,21.37,4.63
2487,3783064,2.00,6.11,21.37,4.63
2488,3784566,1.97,6.01,21.37,4.62
2489,3786065,1.96,5.96,21.37,4.63
2490,3787566,1.95,5.93,21.37,4.61
2491,3789065,2.98,9.09,21.37,4.62
2492,3790564,2.28,6.95,21.37,4.63
2493,3792063,2.89,8.83,21.37,4.62
2494,3793671,1.33,4.05,21.37,4.60
2495,3795278,1.71,5.20,21.37,4.63
2496,3796777,2.43,7.41,21.37,4.62
2497,3798277,1.91,5.83,21.37,4.62
2498,3799777,0.93,2.85,21.37,4.62
2499,3801276,1.71,5.22,21.37,4.63
2500,3802775,2.40,7.33,21.37,4.62
2501,3804274,1.73,5.28,21.37,4.62
2502,3805774,2.05,6.25,21.37,4.62
2503,3807277,1.74,5.32,21.37,4.62
2504,3808776,1.90,5.78,21.37,4.62
2505,3810275,1.93,5.89,21.37,4.62
2506,3811774,2.91,8.88,21.37,4.63
2507,3813274,2.99,9.12,21.37,4.64
2508,3814881,1.50,4.56,21.37,4.62
2509,3816381,2.37,7.23,21.37,4.57
2510,3817880,1.99,6.08,21.37,4.62
2511,3819379,1.82,5.55,21.37,4.61
2512,3820878,2.26,6.90,21.37,4.62
2513,3822379,2.37,7.22,21.37,4.62
2514,3823878,0.86,2.61,21.37,4.60
2515,3825485,1.63,4.96,21.37,4.64
2516,3826984,1.99,6.08,21.37,4.60
2517,3828592,2.05,6.26,21.37,4.62
2518,3830094,1.53,4.67,21.37,4.61
2519,3831593,1.49,4.53,21.37,4.59
2520,3833093,2.42,7.38,21.37,4.61
2521,3834700,2.04,6.22,21.37,4.61
2522,3836199,2.33,7.10,21.37,4.62
2523,3837700,2.16,6.57,21.37,4.62
2524,3839199,1.40,4.28,21.37,4.62
2525,3840698,2.04,6.23,21.37,4.64
2526,3842306,2.49,7.60,21.37,4.62
2527,3843805,2.06,6.29,21.37,4.62
2528,3845304,1.75,5.34,21.37,4.61
2529,3846804,2.06,6.29,21.37,4.61
2530,3848303,2.10,6.40,21.37,4.62
2531,3849802,2.26,6.89,21.37,4.61
2532,3851304,3.03,9.24,21.37,4.63
2533,3852804,2.08,6.34,21.37,4.60
2534,3854304,2.09,6.37,21.37,4.61
2535,3855803,2.55,7.78,21.37,4.57
2536,3857302,2.47,7.53,21.37,4.59
2537,3858801,1.87,5.69,21.37,4.61
2538,3860301,2.05,6.26,21.37,4.61
2539,3861800,1.04,3.18,21.37,4.62
2540,3863300,2.37,7.22,21.37,4.60
2541,3864799,1.88,5.74,21.37,4.61
2542,3866299,2.10,6.41,21.37,4.61
2543,3867798,1.98,6.04,21.37,4.62
2544,3869297,2.07,6.31,21.37,4.61
2545,3870796,1.99,6.07,21.37,4.61
2546,3872296,2.04,6.22,21.37,4.61
2547,3873799,1.82,5.56,21.37,4.65
2548,3875406,2.00,6.11,21.37,4.61
2549,3876905,2.16,6.59,21.37,4.62
2550,3878405,1.52,4.65,21.37,4.61
